date,venue,race_no,race_name,detail,horse_no,horse_name,win_odds,implied_prob,fetched_at_jst,race_status
2026-07-11,福島,1,3歳以上障害OP,10:05発走 / 障3380m (芝) / 天候:晴 / 馬場:良,1,�����������≪�潟�������若��,21.1,4.7,2026-07-11 15:02:55+09:00,result
2026-07-11,福島,1,3歳以上障害OP,10:05発走 / 障3380m (芝) / 天候:晴 / 馬場:良,2,��吾�若����������若��,12.3,8.1,2026-07-11 15:02:55+09:00,result
2026-07-11,福島,1,3歳以上障害OP,10:05発走 / 障3380m (芝) / 天候:晴 / 馬場:良,3,�����ャ�������帥�����,2.0,50.0,2026-07-11 15:02:55+09:00,result
2026-07-11,福島,1,3歳以上障害OP,10:05発走 / 障3380m (芝) / 天候:晴 / 馬場:良,4,������������������������,90.4,1.1,2026-07-11 15:02:55+09:00,result
2026-07-11,福島,1,3歳以上障害OP,10:05発走 / 障3380m (芝) / 天候:晴 / 馬場:良,5,�����若����鴻����若��,26.5,3.8,2026-07-11 15:02:55+09:00,result
2026-07-11,福島,1,3歳以上障害OP,10:05発走 / 障3380m (芝) / 天候:晴 / 馬場:良,6,��激�ｃ�潟����������眼��,7.4,13.5,2026-07-11 15:02:55+09:00,result
2026-07-11,福島,1,3歳以上障害OP,10:05発走 / 障3380m (芝) / 天候:晴 / 馬場:良,7,�����ゃ����ｃ�若�激�����,3.4,29.4,2026-07-11 15:02:55+09:00,result
2026-07-11,福島,1,3歳以上障害OP,10:05発走 / 障3380m (芝) / 天候:晴 / 馬場:良,8,��違����������������若��,21.2,4.7,2026-07-11 15:02:55+09:00,result
2026-07-11,福島,1,3歳以上障害OP,10:05発走 / 障3380m (芝) / 天候:晴 / 馬場:良,9,��帥����≪����若��,18.2,5.5,2026-07-11 15:02:55+09:00,result
2026-07-11,福島,1,3歳以上障害OP,10:05発走 / 障3380m (芝) / 天候:晴 / 馬場:良,10,��潟�鴻�≪�����������,21.2,4.7,2026-07-11 15:02:55+09:00,result
2026-07-11,福島,1,3歳以上障害OP,10:05発走 / 障3380m (芝) / 天候:晴 / 馬場:良,11,�����������潟�祉��,52.4,1.9,2026-07-11 15:02:55+09:00,result
2026-07-11,福島,2,3歳未勝利,10:40発走 / ダ1700m (右) / 天候:曇 / 馬場:良,1,�����ゃ����������ャ�若��,9.9,10.1,2026-07-11 15:02:57+09:00,result
2026-07-11,福島,2,3歳未勝利,10:40発走 / ダ1700m (右) / 天候:曇 / 馬場:良,2,�����������吾����ゃ�若��,7.7,13.0,2026-07-11 15:02:57+09:00,result
2026-07-11,福島,2,3歳未勝利,10:40発走 / ダ1700m (右) / 天候:曇 / 馬場:良,3,������������,5.2,19.2,2026-07-11 15:02:57+09:00,result
2026-07-11,福島,2,3歳未勝利,10:40発走 / ダ1700m (右) / 天候:曇 / 馬場:良,4,��ゃ�祉����祉��,200.7,0.5,2026-07-11 15:02:57+09:00,result
2026-07-11,福島,2,3歳未勝利,10:40発走 / ダ1700m (右) / 天候:曇 / 馬場:良,5,��帥����≪����с�潟��������,3.8,26.3,2026-07-11 15:02:57+09:00,result
2026-07-11,福島,2,3歳未勝利,10:40発走 / ダ1700m (右) / 天候:曇 / 馬場:良,6,��泣�ゃ�≪�潟�祉����若��,2.8,35.7,2026-07-11 15:02:57+09:00,result
2026-07-11,福島,2,3歳未勝利,10:40発走 / ダ1700m (右) / 天候:曇 / 馬場:良,7,���������������,74.4,1.3,2026-07-11 15:02:57+09:00,result
2026-07-11,福島,2,3歳未勝利,10:40発走 / ダ1700m (右) / 天候:曇 / 馬場:良,8,��≪��������������,321.8,0.3,2026-07-11 15:02:57+09:00,result
2026-07-11,福島,2,3歳未勝利,10:40発走 / ダ1700m (右) / 天候:曇 / 馬場:良,9,��≪�ゃ�潟�������若�吾�����,27.0,3.7,2026-07-11 15:02:57+09:00,result
2026-07-11,福島,2,3歳未勝利,10:40発走 / ダ1700m (右) / 天候:曇 / 馬場:良,10,�����≪�������鴻��������,103.4,1.0,2026-07-11 15:02:57+09:00,result
2026-07-11,福島,2,3歳未勝利,10:40発走 / ダ1700m (右) / 天候:曇 / 馬場:良,11,��若����ｃ�����,16.9,5.9,2026-07-11 15:02:57+09:00,result
2026-07-11,福島,2,3歳未勝利,10:40発走 / ダ1700m (右) / 天候:曇 / 馬場:良,12,�����������ゃ�����������,46.0,2.2,2026-07-11 15:02:57+09:00,result
2026-07-11,福島,2,3歳未勝利,10:40発走 / ダ1700m (右) / 天候:曇 / 馬場:良,13,��＜�ゃ�激�с�������冴��,226.2,0.4,2026-07-11 15:02:57+09:00,result
2026-07-11,福島,2,3歳未勝利,10:40発走 / ダ1700m (右) / 天候:曇 / 馬場:良,14,��祉�ゃ�鴻�ゃ�������＜��,190.5,0.5,2026-07-11 15:02:57+09:00,result
2026-07-11,福島,2,3歳未勝利,10:40発走 / ダ1700m (右) / 天候:曇 / 馬場:良,15,��≪�吾�ャ�≪�������潟��,16.2,6.2,2026-07-11 15:02:57+09:00,result
2026-07-11,福島,3,2歳未勝利,11:10発走 / 芝1800m (右 B) / 天候:曇 / 馬場:良,1,��������潟����ｃ�����,2.6,38.5,2026-07-11 15:03:00+09:00,result
2026-07-11,福島,3,2歳未勝利,11:10発走 / 芝1800m (右 B) / 天候:曇 / 馬場:良,2,�����≪�鴻�帥�若����若��,4.3,23.3,2026-07-11 15:03:00+09:00,result
2026-07-11,福島,3,2歳未勝利,11:10発走 / 芝1800m (右 B) / 天候:曇 / 馬場:良,3,��吾�若����ｃ�若��������,174.5,0.6,2026-07-11 15:03:00+09:00,result
2026-07-11,福島,3,2歳未勝利,11:10発走 / 芝1800m (右 B) / 天候:曇 / 馬場:良,4,�����若�祉�潟����鴻�����,7.6,13.2,2026-07-11 15:03:00+09:00,result
2026-07-11,福島,3,2歳未勝利,11:10発走 / 芝1800m (右 B) / 天候:曇 / 馬場:良,5,�����ゃ����������潟��������,15.6,6.4,2026-07-11 15:03:00+09:00,result
2026-07-11,福島,3,2歳未勝利,11:10発走 / 芝1800m (右 B) / 天候:曇 / 馬場:良,6,��帥�ゃ�祉�ゃ�≪����若��,36.4,2.7,2026-07-11 15:03:00+09:00,result
2026-07-11,福島,3,2歳未勝利,11:10発走 / 芝1800m (右 B) / 天候:曇 / 馬場:良,7,�����若�宴�若�������潟��,189.0,0.5,2026-07-11 15:03:00+09:00,result
2026-07-11,福島,3,2歳未勝利,11:10発走 / 芝1800m (右 B) / 天候:曇 / 馬場:良,8,��激�≪�������若��,7.8,12.8,2026-07-11 15:03:00+09:00,result
2026-07-11,福島,3,2歳未勝利,11:10発走 / 芝1800m (右 B) / 天候:曇 / 馬場:良,9,�����ｃ����帥����鴻����若��,5.9,16.9,2026-07-11 15:03:00+09:00,result
2026-07-11,福島,3,2歳未勝利,11:10発走 / 芝1800m (右 B) / 天候:曇 / 馬場:良,10,��吾�ャ����鴻�������ゃ��,134.1,0.7,2026-07-11 15:03:00+09:00,result
2026-07-11,福島,3,2歳未勝利,11:10発走 / 芝1800m (右 B) / 天候:曇 / 馬場:良,11,��潟�若�������鴻����若��,304.7,0.3,2026-07-11 15:03:00+09:00,result
2026-07-11,福島,3,2歳未勝利,11:10発走 / 芝1800m (右 B) / 天候:曇 / 馬場:良,12,��激�ｃ�ゃ�潟�����,29.2,3.4,2026-07-11 15:03:00+09:00,result
2026-07-11,福島,3,2歳未勝利,11:10発走 / 芝1800m (右 B) / 天候:曇 / 馬場:良,13,��≪�若�≪�若�若��,224.5,0.4,2026-07-11 15:03:00+09:00,result
2026-07-11,福島,3,2歳未勝利,11:10発走 / 芝1800m (右 B) / 天候:曇 / 馬場:良,14,��潟�鴻�≪�激�違�����,13.4,7.5,2026-07-11 15:03:00+09:00,result
2026-07-11,福島,4,3歳未勝利,11:40発走 / ダ1700m (右) / 天候:曇 / 馬場:良,1,�����若�������������ャ�若��,13.3,7.5,2026-07-11 15:03:02+09:00,result
2026-07-11,福島,4,3歳未勝利,11:40発走 / ダ1700m (右) / 天候:曇 / 馬場:良,2,��������鴻����ｃ�≪�若��,286.5,0.3,2026-07-11 15:03:02+09:00,result
2026-07-11,福島,4,3歳未勝利,11:40発走 / ダ1700m (右) / 天候:曇 / 馬場:良,3,�����������宴�������若��,412.3,0.2,2026-07-11 15:03:02+09:00,result
2026-07-11,福島,4,3歳未勝利,11:40発走 / ダ1700m (右) / 天候:曇 / 馬場:良,4,��鴻����ｃ�若����眼����若��,3.1,32.3,2026-07-11 15:03:02+09:00,result
2026-07-11,福島,4,3歳未勝利,11:40発走 / ダ1700m (右) / 天候:曇 / 馬場:良,5,��眼�若�������������ゃ�ゃ��,3.6,27.8,2026-07-11 15:03:02+09:00,result
2026-07-11,福島,4,3歳未勝利,11:40発走 / ダ1700m (右) / 天候:曇 / 馬場:良,6,�����若�������若�眼�＜��,82.2,1.2,2026-07-11 15:03:02+09:00,result
2026-07-11,福島,4,3歳未勝利,11:40発走 / ダ1700m (右) / 天候:曇 / 馬場:良,7,�����ャ�若��,23.3,4.3,2026-07-11 15:03:02+09:00,result
2026-07-11,福島,4,3歳未勝利,11:40発走 / ダ1700m (右) / 天候:曇 / 馬場:良,8,��祉����潟����潟����若��,5.9,16.9,2026-07-11 15:03:02+09:00,result
2026-07-11,福島,4,3歳未勝利,11:40発走 / ダ1700m (右) / 天候:曇 / 馬場:良,9,��ゃ����帥�宴�������若��,297.6,0.3,2026-07-11 15:03:02+09:00,result
2026-07-11,福島,4,3歳未勝利,11:40発走 / ダ1700m (右) / 天候:曇 / 馬場:良,10,��ゃ�宴�ゃ�宴����������若��,269.7,0.4,2026-07-11 15:03:02+09:00,result
2026-07-11,福島,4,3歳未勝利,11:40発走 / ダ1700m (右) / 天候:曇 / 馬場:良,11,�����������≪�眼�＜�����,35.0,2.9,2026-07-11 15:03:02+09:00,result
2026-07-11,福島,4,3歳未勝利,11:40発走 / ダ1700m (右) / 天候:曇 / 馬場:良,12,�����ゃ�ゃ����帥�ゃ��,65.3,1.5,2026-07-11 15:03:02+09:00,result
2026-07-11,福島,4,3歳未勝利,11:40発走 / ダ1700m (右) / 天候:曇 / 馬場:良,13,�����с�鴻�宴�潟�吾�潟�����,5.1,19.6,2026-07-11 15:03:02+09:00,result
2026-07-11,福島,4,3歳未勝利,11:40発走 / ダ1700m (右) / 天候:曇 / 馬場:良,14,�����若�眼��������������,8.9,11.2,2026-07-11 15:03:02+09:00,result
2026-07-11,福島,4,3歳未勝利,11:40発走 / ダ1700m (右) / 天候:曇 / 馬場:良,15,�����������������吾�ｃ�潟��,235.0,0.4,2026-07-11 15:03:02+09:00,result
2026-07-11,福島,5,2歳新馬,12:30発走 / 芝1200m (右 B) / 天候:曇 / 馬場:良,1,�����激����ゃ�泣�����,1.5,66.7,2026-07-11 15:03:04+09:00,result
2026-07-11,福島,5,2歳新馬,12:30発走 / 芝1200m (右 B) / 天候:曇 / 馬場:良,2,��鴻����若�����������,12.1,8.3,2026-07-11 15:03:04+09:00,result
2026-07-11,福島,5,2歳新馬,12:30発走 / 芝1200m (右 B) / 天候:曇 / 馬場:良,3,��≪����������吟����若��,53.4,1.9,2026-07-11 15:03:04+09:00,result
2026-07-11,福島,5,2歳新馬,12:30発走 / 芝1200m (右 B) / 天候:曇 / 馬場:良,4,�����若����ｃ�潟�≪����帥��,14.3,7.0,2026-07-11 15:03:04+09:00,result
2026-07-11,福島,5,2歳新馬,12:30発走 / 芝1200m (右 B) / 天候:曇 / 馬場:良,5,�����ｃ�鴻����≪�若����若��,12.1,8.3,2026-07-11 15:03:04+09:00,result
2026-07-11,福島,5,2歳新馬,12:30発走 / 芝1200m (右 B) / 天候:曇 / 馬場:良,6,�����������ｃ�����,72.1,1.4,2026-07-11 15:03:04+09:00,result
2026-07-11,福島,5,2歳新馬,12:30発走 / 芝1200m (右 B) / 天候:曇 / 馬場:良,7,��������祉����鴻�����,63.4,1.6,2026-07-11 15:03:04+09:00,result
2026-07-11,福島,5,2歳新馬,12:30発走 / 芝1200m (右 B) / 天候:曇 / 馬場:良,8,��祉�潟����潟��������,125.4,0.8,2026-07-11 15:03:04+09:00,result
2026-07-11,福島,5,2歳新馬,12:30発走 / 芝1200m (右 B) / 天候:曇 / 馬場:良,9,��純�若�鴻����ｃ�若��,18.3,5.5,2026-07-11 15:03:04+09:00,result
2026-07-11,福島,5,2歳新馬,12:30発走 / 芝1200m (右 B) / 天候:曇 / 馬場:良,10,��祉�ゃ����ャ��,5.2,19.2,2026-07-11 15:03:04+09:00,result
2026-07-11,福島,5,2歳新馬,12:30発走 / 芝1200m (右 B) / 天候:曇 / 馬場:良,11,��≪�������潟�鴻�≪�蚊�ゃ��,16.2,6.2,2026-07-11 15:03:04+09:00,result
2026-07-11,福島,6,3歳未勝利,13:01発走 / 芝1800m (右 B) / 天候:曇 / 馬場:良,1,�����������眼�ｃ�鴻��,12.5,8.0,2026-07-11 15:03:06+09:00,result
2026-07-11,福島,6,3歳未勝利,13:01発走 / 芝1800m (右 B) / 天候:曇 / 馬場:良,2,�����若����с�������鴻�����,159.2,0.6,2026-07-11 15:03:06+09:00,result
2026-07-11,福島,6,3歳未勝利,13:01発走 / 芝1800m (右 B) / 天候:曇 / 馬場:良,3,���������������,3.9,25.6,2026-07-11 15:03:06+09:00,result
2026-07-11,福島,6,3歳未勝利,13:01発走 / 芝1800m (右 B) / 天候:曇 / 馬場:良,4,�����鴻�����������,410.4,0.2,2026-07-11 15:03:06+09:00,result
2026-07-11,福島,6,3歳未勝利,13:01発走 / 芝1800m (右 B) / 天候:曇 / 馬場:良,5,��吾�с��������������,114.8,0.9,2026-07-11 15:03:06+09:00,result
2026-07-11,福島,6,3歳未勝利,13:01発走 / 芝1800m (右 B) / 天候:曇 / 馬場:良,6,��祉�若����������若��,15.3,6.5,2026-07-11 15:03:06+09:00,result
2026-07-11,福島,6,3歳未勝利,13:01発走 / 芝1800m (右 B) / 天候:曇 / 馬場:良,7,��泣����＜�ゃ�≪�����������,349.1,0.3,2026-07-11 15:03:06+09:00,result
2026-07-11,福島,6,3歳未勝利,13:01発走 / 芝1800m (右 B) / 天候:曇 / 馬場:良,8,�����ゃ�潟�������吾�若��,2.2,45.5,2026-07-11 15:03:06+09:00,result
2026-07-11,福島,6,3歳未勝利,13:01発走 / 芝1800m (右 B) / 天候:曇 / 馬場:良,9,�����潟����若��,12.0,8.3,2026-07-11 15:03:06+09:00,result
2026-07-11,福島,6,3歳未勝利,13:01発走 / 芝1800m (右 B) / 天候:曇 / 馬場:良,10,�����������������若�����,16.0,6.2,2026-07-11 15:03:06+09:00,result
2026-07-11,福島,6,3歳未勝利,13:01発走 / 芝1800m (右 B) / 天候:曇 / 馬場:良,11,��泣�������≪�潟��,55.0,1.8,2026-07-11 15:03:06+09:00,result
2026-07-11,福島,6,3歳未勝利,13:01発走 / 芝1800m (右 B) / 天候:曇 / 馬場:良,12,��������若�����������,56.9,1.8,2026-07-11 15:03:06+09:00,result
2026-07-11,福島,6,3歳未勝利,13:01発走 / 芝1800m (右 B) / 天候:曇 / 馬場:良,13,��������ゃ�潟�違����若�����,65.3,1.5,2026-07-11 15:03:06+09:00,result
2026-07-11,福島,6,3歳未勝利,13:01発走 / 芝1800m (右 B) / 天候:曇 / 馬場:良,14,��激�������若�����������,92.8,1.1,2026-07-11 15:03:06+09:00,result
2026-07-11,福島,6,3歳未勝利,13:01発走 / 芝1800m (右 B) / 天候:曇 / 馬場:良,15,�����若�潟�違����ゃ��,5.8,17.2,2026-07-11 15:03:06+09:00,result
2026-07-11,福島,6,3歳未勝利,13:01発走 / 芝1800m (右 B) / 天候:曇 / 馬場:良,16,��宴�ゃ�≪�ゃ��������,393.6,0.3,2026-07-11 15:03:06+09:00,result
2026-07-11,福島,7,3歳以上1勝クラス,13:30発走 / 芝2000m (右 B) / 天候:曇 / 馬場:良,1,��������＜�鴻����ｃ�潟��,188.7,0.5,2026-07-11 15:03:08+09:00,result
2026-07-11,福島,7,3歳以上1勝クラス,13:30発走 / 芝2000m (右 B) / 天候:曇 / 馬場:良,2,��眼�＜�潟����鴻�������潟��,8.6,11.6,2026-07-11 15:03:08+09:00,result
2026-07-11,福島,7,3歳以上1勝クラス,13:30発走 / 芝2000m (右 B) / 天候:曇 / 馬場:良,3,�����≪����祉�潟�帥��,151.3,0.7,2026-07-11 15:03:08+09:00,result
2026-07-11,福島,7,3歳以上1勝クラス,13:30発走 / 芝2000m (右 B) / 天候:曇 / 馬場:良,4,��ゃ�≪�若�帥�����,4.1,24.4,2026-07-11 15:03:08+09:00,result
2026-07-11,福島,7,3歳以上1勝クラス,13:30発走 / 芝2000m (右 B) / 天候:曇 / 馬場:良,5,��������若�������潟��,3.0,33.3,2026-07-11 15:03:08+09:00,result
2026-07-11,福島,7,3歳以上1勝クラス,13:30発走 / 芝2000m (右 B) / 天候:曇 / 馬場:良,6,�����������潟��,2.2,45.5,2026-07-11 15:03:08+09:00,result
2026-07-11,福島,7,3歳以上1勝クラス,13:30発走 / 芝2000m (右 B) / 天候:曇 / 馬場:良,7,�����ゃ�潟��������,50.4,2.0,2026-07-11 15:03:08+09:00,result
2026-07-11,福島,7,3歳以上1勝クラス,13:30発走 / 芝2000m (右 B) / 天候:曇 / 馬場:良,8,��違����潟��������������,247.7,0.4,2026-07-11 15:03:08+09:00,result
2026-07-11,福島,7,3歳以上1勝クラス,13:30発走 / 芝2000m (右 B) / 天候:曇 / 馬場:良,9,�����ゃ�������≪�＜�潟�帥��,33.9,2.9,2026-07-11 15:03:08+09:00,result
2026-07-11,福島,7,3歳以上1勝クラス,13:30発走 / 芝2000m (右 B) / 天候:曇 / 馬場:良,10,�����眼�������ゃ��,23.5,4.3,2026-07-11 15:03:08+09:00,result
2026-07-11,福島,7,3歳以上1勝クラス,13:30発走 / 芝2000m (右 B) / 天候:曇 / 馬場:良,11,��������激�ャ��,71.9,1.4,2026-07-11 15:03:08+09:00,result
2026-07-11,福島,8,3歳以上1勝クラス,14:00発走 / ダ1150m (右) / 天候:曇 / 馬場:良,1,��若����＜�若����純�若��,10.3,9.7,2026-07-11 15:03:10+09:00,result
2026-07-11,福島,8,3歳以上1勝クラス,14:00発走 / ダ1150m (右) / 天候:曇 / 馬場:良,2,�����������≪�����,102.8,1.0,2026-07-11 15:03:10+09:00,result
2026-07-11,福島,8,3歳以上1勝クラス,14:00発走 / ダ1150m (右) / 天候:曇 / 馬場:良,3,�����с����激��,37.5,2.7,2026-07-11 15:03:10+09:00,result
2026-07-11,福島,8,3歳以上1勝クラス,14:00発走 / ダ1150m (右) / 天候:曇 / 馬場:良,4,��ゃ�冴����若��,85.6,1.2,2026-07-11 15:03:10+09:00,result
2026-07-11,福島,8,3歳以上1勝クラス,14:00発走 / ダ1150m (右) / 天候:曇 / 馬場:良,5,��������潟����ャ��,149.6,0.7,2026-07-11 15:03:10+09:00,result
2026-07-11,福島,8,3歳以上1勝クラス,14:00発走 / ダ1150m (右) / 天候:曇 / 馬場:良,6,�����������ャ��,294.4,0.3,2026-07-11 15:03:10+09:00,result
2026-07-11,福島,8,3歳以上1勝クラス,14:00発走 / ダ1150m (右) / 天候:曇 / 馬場:良,7,�����������激�ャ����ゃ�潟��,66.1,1.5,2026-07-11 15:03:10+09:00,result
2026-07-11,福島,8,3歳以上1勝クラス,14:00発走 / ダ1150m (右) / 天候:曇 / 馬場:良,8,��≪�ゃ����＜�若����若�����,607.3,0.2,2026-07-11 15:03:10+09:00,result
2026-07-11,福島,8,3歳以上1勝クラス,14:00発走 / ダ1150m (右) / 天候:曇 / 馬場:良,9,��違�������ｃ�≪��,6.0,16.7,2026-07-11 15:03:10+09:00,result
2026-07-11,福島,8,3歳以上1勝クラス,14:00発走 / ダ1150m (右) / 天候:曇 / 馬場:良,10,��������激����若��,164.3,0.6,2026-07-11 15:03:10+09:00,result
2026-07-11,福島,8,3歳以上1勝クラス,14:00発走 / ダ1150m (右) / 天候:曇 / 馬場:良,11,�����若�宴��������,9.3,10.8,2026-07-11 15:03:10+09:00,result
2026-07-11,福島,8,3歳以上1勝クラス,14:00発走 / ダ1150m (右) / 天候:曇 / 馬場:良,12,�����ゃ�眼����������≪��,3.2,31.2,2026-07-11 15:03:10+09:00,result
2026-07-11,福島,8,3歳以上1勝クラス,14:00発走 / ダ1150m (右) / 天候:曇 / 馬場:良,13,�����若����ｃ�若�帥��������,734.9,0.1,2026-07-11 15:03:10+09:00,result
2026-07-11,福島,8,3歳以上1勝クラス,14:00発走 / ダ1150m (右) / 天候:曇 / 馬場:良,14,��吾�с�ゃ����������ｃ�����,8.1,12.3,2026-07-11 15:03:10+09:00,result
2026-07-11,福島,8,3歳以上1勝クラス,14:00発走 / ダ1150m (右) / 天候:曇 / 馬場:良,15,�����泣�������潟�����������,13.0,7.7,2026-07-11 15:03:10+09:00,result
2026-07-11,福島,8,3歳以上1勝クラス,14:00発走 / ダ1150m (右) / 天候:曇 / 馬場:良,16,��≪�ゃ����ゃ�潟�����,3.4,29.4,2026-07-11 15:03:10+09:00,result
2026-07-11,福島,9,信夫山特別,14:35発走 / 芝2600m (右 B) / 天候:曇 / 馬場:良,1,�����潟�違�冴����ャ�����,5.8,17.2,2026-07-11 15:03:12+09:00,result
2026-07-11,福島,9,信夫山特別,14:35発走 / 芝2600m (右 B) / 天候:曇 / 馬場:良,2,�����鴻�������≪��,205.6,0.5,2026-07-11 15:03:12+09:00,result
2026-07-11,福島,9,信夫山特別,14:35発走 / 芝2600m (右 B) / 天候:曇 / 馬場:良,3,��������������������ｃ�����,19.5,5.1,2026-07-11 15:03:12+09:00,result
2026-07-11,福島,9,信夫山特別,14:35発走 / 芝2600m (右 B) / 天候:曇 / 馬場:良,4,��泣����������������若��,170.4,0.6,2026-07-11 15:03:12+09:00,result
2026-07-11,福島,9,信夫山特別,14:35発走 / 芝2600m (右 B) / 天候:曇 / 馬場:良,5,�����潟�違�違����若�����,4.3,23.3,2026-07-11 15:03:12+09:00,result
2026-07-11,福島,9,信夫山特別,14:35発走 / 芝2600m (右 B) / 天候:曇 / 馬場:良,6,�����ゃ����潟��,48.8,2.0,2026-07-11 15:03:12+09:00,result
2026-07-11,福島,9,信夫山特別,14:35発走 / 芝2600m (右 B) / 天候:曇 / 馬場:良,7,��������違�������若��,111.2,0.9,2026-07-11 15:03:12+09:00,result
2026-07-11,福島,9,信夫山特別,14:35発走 / 芝2600m (右 B) / 天候:曇 / 馬場:良,8,��眼�＜�ゃ�吟�若��������,59.0,1.7,2026-07-11 15:03:12+09:00,result
2026-07-11,福島,9,信夫山特別,14:35発走 / 芝2600m (右 B) / 天候:曇 / 馬場:良,9,��鴻�冴����������若��,40.2,2.5,2026-07-11 15:03:12+09:00,result
2026-07-11,福島,9,信夫山特別,14:35発走 / 芝2600m (右 B) / 天候:曇 / 馬場:良,10,��������帥�若��,2.7,37.0,2026-07-11 15:03:12+09:00,result
2026-07-11,福島,9,信夫山特別,14:35発走 / 芝2600m (右 B) / 天候:曇 / 馬場:良,11,�����ゃ�潟����ゃ����若��,58.2,1.7,2026-07-11 15:03:12+09:00,result
2026-07-11,福島,9,信夫山特別,14:35発走 / 芝2600m (右 B) / 天候:曇 / 馬場:良,12,��������������潟�����,156.1,0.6,2026-07-11 15:03:12+09:00,result
2026-07-11,福島,9,信夫山特別,14:35発走 / 芝2600m (右 B) / 天候:曇 / 馬場:良,13,��泣�������純����ｃ�����,6.0,16.7,2026-07-11 15:03:12+09:00,result
2026-07-11,福島,9,信夫山特別,14:35発走 / 芝2600m (右 B) / 天候:曇 / 馬場:良,14,��≪�������������鴻����若��,86.1,1.2,2026-07-11 15:03:12+09:00,result
2026-07-11,福島,9,信夫山特別,14:35発走 / 芝2600m (右 B) / 天候:曇 / 馬場:良,15,��≪�＜����ｃ�鴻��,6.5,15.4,2026-07-11 15:03:12+09:00,result
2026-07-11,福島,10,会津S,15:10発走 / 芝1200m (右 B) / 天候:曇 / 馬場:良,1,���������������,7.6,13.2,2026-07-11 15:03:15+09:00,middle
2026-07-11,福島,10,会津S,15:10発走 / 芝1200m (右 B) / 天候:曇 / 馬場:良,2,��≪�帥�������ゃ�����,6.9,14.5,2026-07-11 15:03:15+09:00,middle
2026-07-11,福島,10,会津S,15:10発走 / 芝1200m (右 B) / 天候:曇 / 馬場:良,3,��激�с�������潟����鴻�����,42.7,2.3,2026-07-11 15:03:15+09:00,middle
2026-07-11,福島,10,会津S,15:10発走 / 芝1200m (右 B) / 天候:曇 / 馬場:良,4,��冴�������������泣�����,46.0,2.2,2026-07-11 15:03:15+09:00,middle
2026-07-11,福島,10,会津S,15:10発走 / 芝1200m (右 B) / 天候:曇 / 馬場:良,5,��鴻����ゃ����≪�����,17.5,5.7,2026-07-11 15:03:15+09:00,middle
2026-07-11,福島,10,会津S,15:10発走 / 芝1200m (右 B) / 天候:曇 / 馬場:良,6,�����若�������ゃ����ゃ��,8.9,11.2,2026-07-11 15:03:15+09:00,middle
2026-07-11,福島,10,会津S,15:10発走 / 芝1200m (右 B) / 天候:曇 / 馬場:良,7,������������������,21.2,4.7,2026-07-11 15:03:15+09:00,middle
2026-07-11,福島,10,会津S,15:10発走 / 芝1200m (右 B) / 天候:曇 / 馬場:良,8,��＜�ゃ�激�с�������障��,1.5,66.7,2026-07-11 15:03:15+09:00,middle
2026-07-11,福島,10,会津S,15:10発走 / 芝1200m (右 B) / 天候:曇 / 馬場:良,9,��≪�若�����,16.0,6.2,2026-07-11 15:03:15+09:00,middle
2026-07-11,福島,11,安達太良S,15:45発走 / 芝1200m (右 B) / 天候:曇 / 馬場:良,1,��激�с�������潟�����������,8.2,12.2,2026-07-11 15:03:17+09:00,middle
2026-07-11,福島,11,安達太良S,15:45発走 / 芝1200m (右 B) / 天候:曇 / 馬場:良,2,��激�若�������������眼�＜��,18.9,5.3,2026-07-11 15:03:17+09:00,middle
2026-07-11,福島,11,安達太良S,15:45発走 / 芝1200m (右 B) / 天候:曇 / 馬場:良,3,�����������≪�眼�＜�潟�����,3.9,25.6,2026-07-11 15:03:17+09:00,middle
2026-07-11,福島,11,安達太良S,15:45発走 / 芝1200m (右 B) / 天候:曇 / 馬場:良,4,��障�潟��������,6.0,16.7,2026-07-11 15:03:17+09:00,middle
2026-07-11,福島,11,安達太良S,15:45発走 / 芝1200m (右 B) / 天候:曇 / 馬場:良,5,�����泣��������������,6.8,14.7,2026-07-11 15:03:17+09:00,middle
2026-07-11,福島,11,安達太良S,15:45発走 / 芝1200m (右 B) / 天候:曇 / 馬場:良,6,�����������若��������,4.4,22.7,2026-07-11 15:03:17+09:00,middle
2026-07-11,福島,11,安達太良S,15:45発走 / 芝1200m (右 B) / 天候:曇 / 馬場:良,7,��������激�����,23.9,4.2,2026-07-11 15:03:17+09:00,middle
2026-07-11,福島,11,安達太良S,15:45発走 / 芝1200m (右 B) / 天候:曇 / 馬場:良,8,�����ゃ�������吾�с��������,29.7,3.4,2026-07-11 15:03:17+09:00,middle
2026-07-11,福島,11,安達太良S,15:45発走 / 芝1200m (右 B) / 天候:曇 / 馬場:良,9,��������潟�帥�若�祉�����,4.8,20.8,2026-07-11 15:03:17+09:00,middle
2026-07-11,福島,12,3歳以上1勝クラス,16:30発走 / ダ1700m (右) / 天候:曇 / 馬場:良,1,��鴻����ゃ�����������,27.1,3.7,2026-07-11 15:03:19+09:00,middle
2026-07-11,福島,12,3歳以上1勝クラス,16:30発走 / ダ1700m (右) / 天候:曇 / 馬場:良,2,��������蚊�≪��,14.9,6.7,2026-07-11 15:03:19+09:00,middle
2026-07-11,福島,12,3歳以上1勝クラス,16:30発走 / ダ1700m (右) / 天候:曇 / 馬場:良,3,��≪�眼��������,47.6,2.1,2026-07-11 15:03:19+09:00,middle
2026-07-11,福島,12,3歳以上1勝クラス,16:30発走 / ダ1700m (右) / 天候:曇 / 馬場:良,4,������������,26.8,3.7,2026-07-11 15:03:19+09:00,middle
2026-07-11,福島,12,3歳以上1勝クラス,16:30発走 / ダ1700m (右) / 天候:曇 / 馬場:良,5,��眼�ｃ�若��,110.6,0.9,2026-07-11 15:03:19+09:00,middle
2026-07-11,福島,12,3歳以上1勝クラス,16:30発走 / ダ1700m (右) / 天候:曇 / 馬場:良,6,��≪�潟����ｃ����鴻��,13.4,7.5,2026-07-11 15:03:19+09:00,middle
2026-07-11,福島,12,3歳以上1勝クラス,16:30発走 / ダ1700m (右) / 天候:曇 / 馬場:良,7,��帥�宴�������泣��,3.1,32.3,2026-07-11 15:03:19+09:00,middle
2026-07-11,福島,12,3歳以上1勝クラス,16:30発走 / ダ1700m (右) / 天候:曇 / 馬場:良,8,��������若��������,8.0,12.5,2026-07-11 15:03:19+09:00,middle
2026-07-11,福島,12,3歳以上1勝クラス,16:30発走 / ダ1700m (右) / 天候:曇 / 馬場:良,9,��潟����������ゃ�����,14.6,6.8,2026-07-11 15:03:19+09:00,middle
2026-07-11,福島,12,3歳以上1勝クラス,16:30発走 / ダ1700m (右) / 天候:曇 / 馬場:良,10,��������������鴻�帥��,22.7,4.4,2026-07-11 15:03:19+09:00,middle
2026-07-11,福島,12,3歳以上1勝クラス,16:30発走 / ダ1700m (右) / 天候:曇 / 馬場:良,11,��≪�吾�≪�潟�������吾�ｃ��,39.8,2.5,2026-07-11 15:03:19+09:00,middle
2026-07-11,福島,12,3歳以上1勝クラス,16:30発走 / ダ1700m (右) / 天候:曇 / 馬場:良,12,��≪�������鴻����吾�с��,15.0,6.7,2026-07-11 15:03:19+09:00,middle
2026-07-11,福島,12,3歳以上1勝クラス,16:30発走 / ダ1700m (右) / 天候:曇 / 馬場:良,13,�����潟�����������,5.7,17.5,2026-07-11 15:03:19+09:00,middle
2026-07-11,福島,12,3歳以上1勝クラス,16:30発走 / ダ1700m (右) / 天候:曇 / 馬場:良,14,��≪�鴻��������,61.7,1.6,2026-07-11 15:03:19+09:00,middle
2026-07-11,福島,12,3歳以上1勝クラス,16:30発走 / ダ1700m (右) / 天候:曇 / 馬場:良,15,��≪��������������������,5.9,16.9,2026-07-11 15:03:19+09:00,middle
2026-07-11,小倉,1,2歳未勝利,09:55発走 / 芝1200m (右 A) / 天候:晴 / 馬場:良,1,�����������≪�若��,2.8,35.7,2026-07-11 15:03:44+09:00,result
2026-07-11,小倉,1,2歳未勝利,09:55発走 / 芝1200m (右 A) / 天候:晴 / 馬場:良,2,��������若�ゃ�≪�ゃ��,29.9,3.3,2026-07-11 15:03:44+09:00,result
2026-07-11,小倉,1,2歳未勝利,09:55発走 / 芝1200m (右 A) / 天候:晴 / 馬場:良,3,��眼�若�������激�с�若�����,301.3,0.3,2026-07-11 15:03:44+09:00,result
2026-07-11,小倉,1,2歳未勝利,09:55発走 / 芝1200m (右 A) / 天候:晴 / 馬場:良,4,�����ゃ����������若�激�с��,146.2,0.7,2026-07-11 15:03:44+09:00,result
2026-07-11,小倉,1,2歳未勝利,09:55発走 / 芝1200m (右 A) / 天候:晴 / 馬場:良,5,��������潟����≪��,23.1,4.3,2026-07-11 15:03:44+09:00,result
2026-07-11,小倉,1,2歳未勝利,09:55発走 / 芝1200m (右 A) / 天候:晴 / 馬場:良,6,�����激�������蚊�����,371.2,0.3,2026-07-11 15:03:44+09:00,result
2026-07-11,小倉,1,2歳未勝利,09:55発走 / 芝1200m (右 A) / 天候:晴 / 馬場:良,7,��≪�祉�潟�激�����,20.3,4.9,2026-07-11 15:03:44+09:00,result
2026-07-11,小倉,1,2歳未勝利,09:55発走 / 芝1200m (右 A) / 天候:晴 / 馬場:良,8,���������,15.7,6.4,2026-07-11 15:03:44+09:00,result
2026-07-11,小倉,1,2歳未勝利,09:55発走 / 芝1200m (右 A) / 天候:晴 / 馬場:良,9,��������≪�������ゃ����鴻��,50.9,2.0,2026-07-11 15:03:44+09:00,result
2026-07-11,小倉,1,2歳未勝利,09:55発走 / 芝1200m (右 A) / 天候:晴 / 馬場:良,10,��������潟�����,1.8,55.6,2026-07-11 15:03:44+09:00,result
2026-07-11,小倉,1,2歳未勝利,09:55発走 / 芝1200m (右 A) / 天候:晴 / 馬場:良,11,��������宴�潟�激�若�泣��,19.0,5.3,2026-07-11 15:03:44+09:00,result
2026-07-11,小倉,1,2歳未勝利,09:55発走 / 芝1200m (右 A) / 天候:晴 / 馬場:良,12,��������純����激�ｃ����с��,10.5,9.5,2026-07-11 15:03:44+09:00,result
2026-07-11,小倉,2,3歳未勝利,10:30発走 / ダ1700m (右) / 天候:晴 / 馬場:良,1,��純����≪�≪�若��,11.1,9.0,2026-07-11 15:03:46+09:00,result
2026-07-11,小倉,2,3歳未勝利,10:30発走 / ダ1700m (右) / 天候:晴 / 馬場:良,2,��帥����������眼�冴�����,7.6,13.2,2026-07-11 15:03:46+09:00,result
2026-07-11,小倉,2,3歳未勝利,10:30発走 / ダ1700m (右) / 天候:晴 / 馬場:良,3,�����若�帥��,179.3,0.6,2026-07-11 15:03:46+09:00,result
2026-07-11,小倉,2,3歳未勝利,10:30発走 / ダ1700m (右) / 天候:晴 / 馬場:良,4,��≪�������ｃ�＜�潟��,66.6,1.5,2026-07-11 15:03:46+09:00,result
2026-07-11,小倉,2,3歳未勝利,10:30発走 / ダ1700m (右) / 天候:晴 / 馬場:良,5,��≪�冴����ゃ����≪�鴻�若��,116.8,0.9,2026-07-11 15:03:46+09:00,result
2026-07-11,小倉,2,3歳未勝利,10:30発走 / ダ1700m (右) / 天候:晴 / 馬場:良,6,��≪�鴻�������������若�����,4.6,21.7,2026-07-11 15:03:46+09:00,result
2026-07-11,小倉,2,3歳未勝利,10:30発走 / ダ1700m (右) / 天候:晴 / 馬場:良,7,��泣�������違��������,14.4,6.9,2026-07-11 15:03:46+09:00,result
2026-07-11,小倉,2,3歳未勝利,10:30発走 / ダ1700m (右) / 天候:晴 / 馬場:良,8,�����ゃ�＜�ゃ�������≪��,4.4,22.7,2026-07-11 15:03:46+09:00,result
2026-07-11,小倉,2,3歳未勝利,10:30発走 / ダ1700m (右) / 天候:晴 / 馬場:良,9,�����������潟��������,6.9,14.5,2026-07-11 15:03:46+09:00,result
2026-07-11,小倉,2,3歳未勝利,10:30発走 / ダ1700m (右) / 天候:晴 / 馬場:良,10,��＜�ゃ�激�с����違��������,239.8,0.4,2026-07-11 15:03:46+09:00,result
2026-07-11,小倉,2,3歳未勝利,10:30発走 / ダ1700m (右) / 天候:晴 / 馬場:良,11,��������������潟��������,6.1,16.4,2026-07-11 15:03:46+09:00,result
2026-07-11,小倉,2,3歳未勝利,10:30発走 / ダ1700m (右) / 天候:晴 / 馬場:良,12,��������潟��������������,58.5,1.7,2026-07-11 15:03:46+09:00,result
2026-07-11,小倉,2,3歳未勝利,10:30発走 / ダ1700m (右) / 天候:晴 / 馬場:良,13,�����激�ャ�����,156.7,0.6,2026-07-11 15:03:46+09:00,result
2026-07-11,小倉,2,3歳未勝利,10:30発走 / ダ1700m (右) / 天候:晴 / 馬場:良,14,�����������潟�����,32.0,3.1,2026-07-11 15:03:46+09:00,result
2026-07-11,小倉,2,3歳未勝利,10:30発走 / ダ1700m (右) / 天候:晴 / 馬場:良,15,�����������若�眼����若��,8.5,11.8,2026-07-11 15:03:46+09:00,result
2026-07-11,小倉,2,3歳未勝利,10:30発走 / ダ1700m (右) / 天候:晴 / 馬場:良,16,������,211.1,0.5,2026-07-11 15:03:46+09:00,result
2026-07-11,小倉,3,3歳未勝利,11:00発走 / 芝2000m (右 A) / 天候:晴 / 馬場:良,1,�����潟����ャ�若��,166.9,0.6,2026-07-11 15:03:48+09:00,result
2026-07-11,小倉,3,3歳未勝利,11:00発走 / 芝2000m (右 A) / 天候:晴 / 馬場:良,2,���������������,22.2,4.5,2026-07-11 15:03:48+09:00,result
2026-07-11,小倉,3,3歳未勝利,11:00発走 / 芝2000m (右 A) / 天候:晴 / 馬場:良,3,��眼�若�������≪�������ャ��,64.5,1.6,2026-07-11 15:03:48+09:00,result
2026-07-11,小倉,3,3歳未勝利,11:00発走 / 芝2000m (右 A) / 天候:晴 / 馬場:良,4,�����ｃ����若����激�ｃ�潟��,16.0,6.2,2026-07-11 15:03:48+09:00,result
2026-07-11,小倉,3,3歳未勝利,11:00発走 / 芝2000m (右 A) / 天候:晴 / 馬場:良,5,�����鴻�≪�潟�吾��,232.1,0.4,2026-07-11 15:03:48+09:00,result
2026-07-11,小倉,3,3歳未勝利,11:00発走 / 芝2000m (右 A) / 天候:晴 / 馬場:良,6,�����������ゃ����ｃ����鴻��,5.8,17.2,2026-07-11 15:03:48+09:00,result
2026-07-11,小倉,3,3歳未勝利,11:00発走 / 芝2000m (右 A) / 天候:晴 / 馬場:良,7,��������潟�����,6.3,15.9,2026-07-11 15:03:48+09:00,result
2026-07-11,小倉,3,3歳未勝利,11:00発走 / 芝2000m (右 A) / 天候:晴 / 馬場:良,8,��≪�＜�吾�鴻�����������,67.3,1.5,2026-07-11 15:03:48+09:00,result
2026-07-11,小倉,3,3歳未勝利,11:00発走 / 芝2000m (右 A) / 天候:晴 / 馬場:良,9,������������������,9.6,10.4,2026-07-11 15:03:48+09:00,result
2026-07-11,小倉,3,3歳未勝利,11:00発走 / 芝2000m (右 A) / 天候:晴 / 馬場:良,10,�����ｃ����鴻����若��,11.0,9.1,2026-07-11 15:03:48+09:00,result
2026-07-11,小倉,3,3歳未勝利,11:00発走 / 芝2000m (右 A) / 天候:晴 / 馬場:良,11,��＜�ゃ�激�с����帥�����,147.6,0.7,2026-07-11 15:03:48+09:00,result
2026-07-11,小倉,3,3歳未勝利,11:00発走 / 芝2000m (右 A) / 天候:晴 / 馬場:良,12,�����潟��������������,71.0,1.4,2026-07-11 15:03:48+09:00,result
2026-07-11,小倉,3,3歳未勝利,11:00発走 / 芝2000m (右 A) / 天候:晴 / 馬場:良,13,��＜�ゃ�激�с��������������,239.1,0.4,2026-07-11 15:03:48+09:00,result
2026-07-11,小倉,3,3歳未勝利,11:00発走 / 芝2000m (右 A) / 天候:晴 / 馬場:良,14,��帥�ゃ�祉�ゃ�≪��������,11.5,8.7,2026-07-11 15:03:48+09:00,result
2026-07-11,小倉,3,3歳未勝利,11:00発走 / 芝2000m (右 A) / 天候:晴 / 馬場:良,15,��純�������������若��,12.3,8.1,2026-07-11 15:03:48+09:00,result
2026-07-11,小倉,3,3歳未勝利,11:00発走 / 芝2000m (右 A) / 天候:晴 / 馬場:良,16,�����激�с��,9.2,10.9,2026-07-11 15:03:48+09:00,result
2026-07-11,小倉,3,3歳未勝利,11:00発走 / 芝2000m (右 A) / 天候:晴 / 馬場:良,17,�����潟����若�鴻�≪��,91.3,1.1,2026-07-11 15:03:48+09:00,result
2026-07-11,小倉,3,3歳未勝利,11:00発走 / 芝2000m (右 A) / 天候:晴 / 馬場:良,18,��������潟�冴�����������,3.7,27.0,2026-07-11 15:03:48+09:00,result
2026-07-11,小倉,4,3歳未勝利,11:30発走 / ダ1700m (右) / 天候:晴 / 馬場:良,1,�����������激�ャ�帥�ゃ��,5.6,17.9,2026-07-11 15:03:50+09:00,result
2026-07-11,小倉,4,3歳未勝利,11:30発走 / ダ1700m (右) / 天候:晴 / 馬場:良,2,��吾�с�若�����,2.1,47.6,2026-07-11 15:03:50+09:00,result
2026-07-11,小倉,4,3歳未勝利,11:30発走 / ダ1700m (右) / 天候:晴 / 馬場:良,3,��������吾����眼�＜�����,26.6,3.8,2026-07-11 15:03:50+09:00,result
2026-07-11,小倉,4,3歳未勝利,11:30発走 / ダ1700m (右) / 天候:晴 / 馬場:良,4,��������ャ��,221.3,0.5,2026-07-11 15:03:50+09:00,result
2026-07-11,小倉,4,3歳未勝利,11:30発走 / ダ1700m (右) / 天候:晴 / 馬場:良,5,��泣�潟����ゃ�冴��������,362.3,0.3,2026-07-11 15:03:50+09:00,result
2026-07-11,小倉,4,3歳未勝利,11:30発走 / ダ1700m (右) / 天候:晴 / 馬場:良,6,��帥����������潟����若��,24.3,4.1,2026-07-11 15:03:50+09:00,result
2026-07-11,小倉,4,3歳未勝利,11:30発走 / ダ1700m (右) / 天候:晴 / 馬場:良,7,��眼�若�������潟�������眼��,4.6,21.7,2026-07-11 15:03:50+09:00,result
2026-07-11,小倉,4,3歳未勝利,11:30発走 / ダ1700m (右) / 天候:晴 / 馬場:良,8,�����������若����ゃ��,41.0,2.4,2026-07-11 15:03:50+09:00,result
2026-07-11,小倉,4,3歳未勝利,11:30発走 / ダ1700m (右) / 天候:晴 / 馬場:良,9,��鴻����若����������泣��,60.7,1.6,2026-07-11 15:03:50+09:00,result
2026-07-11,小倉,4,3歳未勝利,11:30発走 / ダ1700m (右) / 天候:晴 / 馬場:良,10,��������吾����≪��������,38.2,2.6,2026-07-11 15:03:50+09:00,result
2026-07-11,小倉,4,3歳未勝利,11:30発走 / ダ1700m (右) / 天候:晴 / 馬場:良,11,��������若�帥�若�潟��������,310.1,0.3,2026-07-11 15:03:50+09:00,result
2026-07-11,小倉,4,3歳未勝利,11:30発走 / ダ1700m (右) / 天候:晴 / 馬場:良,12,��≪�＜�������潟�泣�����,33.1,3.0,2026-07-11 15:03:50+09:00,result
2026-07-11,小倉,4,3歳未勝利,11:30発走 / ダ1700m (右) / 天候:晴 / 馬場:良,13,��激�с�若�������若��,233.6,0.4,2026-07-11 15:03:50+09:00,result
2026-07-11,小倉,4,3歳未勝利,11:30発走 / ダ1700m (右) / 天候:晴 / 馬場:良,14,��≪�潟��������������,7.7,13.0,2026-07-11 15:03:50+09:00,result
2026-07-11,小倉,4,3歳未勝利,11:30発走 / ダ1700m (右) / 天候:晴 / 馬場:良,15,��祉�ゃ����潟����ゃ�����,17.0,5.9,2026-07-11 15:03:50+09:00,result
2026-07-11,小倉,4,3歳未勝利,11:30発走 / ダ1700m (右) / 天候:晴 / 馬場:良,16,��＜�ゃ�激�с�������違��,156.2,0.6,2026-07-11 15:03:50+09:00,result
2026-07-11,小倉,5,2歳新馬,12:20発走 / 芝1800m (右 A) / 天候:晴 / 馬場:良,1,��������潟�純����若��,2.0,50.0,2026-07-11 15:03:52+09:00,result
2026-07-11,小倉,5,2歳新馬,12:20発走 / 芝1800m (右 A) / 天候:晴 / 馬場:良,2,��吾�若����ｃ�若�������若��,84.2,1.2,2026-07-11 15:03:52+09:00,result
2026-07-11,小倉,5,2歳新馬,12:20発走 / 芝1800m (右 A) / 天候:晴 / 馬場:良,3,��眼�����������������,4.2,23.8,2026-07-11 15:03:52+09:00,result
2026-07-11,小倉,5,2歳新馬,12:20発走 / 芝1800m (右 A) / 天候:晴 / 馬場:良,4,�����ｃ����������若��,25.5,3.9,2026-07-11 15:03:52+09:00,result
2026-07-11,小倉,5,2歳新馬,12:20発走 / 芝1800m (右 A) / 天候:晴 / 馬場:良,5,��ゃ��������,38.3,2.6,2026-07-11 15:03:52+09:00,result
2026-07-11,小倉,5,2歳新馬,12:20発走 / 芝1800m (右 A) / 天候:晴 / 馬場:良,6,������������������,44.0,2.3,2026-07-11 15:03:52+09:00,result
2026-07-11,小倉,5,2歳新馬,12:20発走 / 芝1800m (右 A) / 天候:晴 / 馬場:良,7,��������鴻�違����ゃ��,16.8,6.0,2026-07-11 15:03:52+09:00,result
2026-07-11,小倉,5,2歳新馬,12:20発走 / 芝1800m (右 A) / 天候:晴 / 馬場:良,8,�����������若�泣��,19.7,5.1,2026-07-11 15:03:52+09:00,result
2026-07-11,小倉,5,2歳新馬,12:20発走 / 芝1800m (右 A) / 天候:晴 / 馬場:良,9,��≪�ゃ�������鴻��������,61.2,1.6,2026-07-11 15:03:52+09:00,result
2026-07-11,小倉,5,2歳新馬,12:20発走 / 芝1800m (右 A) / 天候:晴 / 馬場:良,10,�����������鴻�������若��,6.8,14.7,2026-07-11 15:03:52+09:00,result
2026-07-11,小倉,5,2歳新馬,12:20発走 / 芝1800m (右 A) / 天候:晴 / 馬場:良,11,��潟�潟�������若��,11.8,8.5,2026-07-11 15:03:52+09:00,result
2026-07-11,小倉,5,2歳新馬,12:20発走 / 芝1800m (右 A) / 天候:晴 / 馬場:良,12,�����������激�潟�違��������,15.9,6.3,2026-07-11 15:03:52+09:00,result
2026-07-11,小倉,6,3歳未勝利,12:50発走 / 芝1200m (右 A) / 天候:晴 / 馬場:良,1,��������違�鴻����純��,13.1,7.6,2026-07-11 15:03:54+09:00,result
2026-07-11,小倉,6,3歳未勝利,12:50発走 / 芝1200m (右 A) / 天候:晴 / 馬場:良,2,�����泣�ゃ����潟��,133.5,0.7,2026-07-11 15:03:54+09:00,result
2026-07-11,小倉,6,3歳未勝利,12:50発走 / 芝1200m (右 A) / 天候:晴 / 馬場:良,3,�����ｃ�����������,44.2,2.3,2026-07-11 15:03:54+09:00,result
2026-07-11,小倉,6,3歳未勝利,12:50発走 / 芝1200m (右 A) / 天候:晴 / 馬場:良,4,�����＜�潟����若�激��������,43.0,2.3,2026-07-11 15:03:54+09:00,result
2026-07-11,小倉,6,3歳未勝利,12:50発走 / 芝1200m (右 A) / 天候:晴 / 馬場:良,5,�����潟����ャ��������,14.6,6.8,2026-07-11 15:03:54+09:00,result
2026-07-11,小倉,6,3歳未勝利,12:50発走 / 芝1200m (右 A) / 天候:晴 / 馬場:良,6,��鴻�帥�若�≪�鴻�潟�����,12.6,7.9,2026-07-11 15:03:54+09:00,result
2026-07-11,小倉,6,3歳未勝利,12:50発走 / 芝1200m (右 A) / 天候:晴 / 馬場:良,7,��＜����������ゃ��,10.8,9.3,2026-07-11 15:03:54+09:00,result
2026-07-11,小倉,6,3歳未勝利,12:50発走 / 芝1200m (右 A) / 天候:晴 / 馬場:良,8,�����ｃ����������若��,94.7,1.1,2026-07-11 15:03:54+09:00,result
2026-07-11,小倉,6,3歳未勝利,12:50発走 / 芝1200m (右 A) / 天候:晴 / 馬場:良,9,��＜�ゃ�激�с�����������,255.0,0.4,2026-07-11 15:03:54+09:00,result
2026-07-11,小倉,6,3歳未勝利,12:50発走 / 芝1200m (右 A) / 天候:晴 / 馬場:良,10,�����若�������潟�帥�若�����,34.7,2.9,2026-07-11 15:03:54+09:00,result
2026-07-11,小倉,6,3歳未勝利,12:50発走 / 芝1200m (右 A) / 天候:晴 / 馬場:良,11,��眼�с�����������,253.0,0.4,2026-07-11 15:03:54+09:00,result
2026-07-11,小倉,6,3歳未勝利,12:50発走 / 芝1200m (右 A) / 天候:晴 / 馬場:良,12,�����吾�若�������潟����鴻��,32.2,3.1,2026-07-11 15:03:54+09:00,result
2026-07-11,小倉,6,3歳未勝利,12:50発走 / 芝1200m (右 A) / 天候:晴 / 馬場:良,13,�����с�ゃ�����,146.2,0.7,2026-07-11 15:03:54+09:00,result
2026-07-11,小倉,6,3歳未勝利,12:50発走 / 芝1200m (右 A) / 天候:晴 / 馬場:良,14,��≪����≪�������ゃ��,207.5,0.5,2026-07-11 15:03:54+09:00,result
2026-07-11,小倉,6,3歳未勝利,12:50発走 / 芝1200m (右 A) / 天候:晴 / 馬場:良,15,�����ゃ�＜�ゃ�������潟��,363.9,0.3,2026-07-11 15:03:54+09:00,result
2026-07-11,小倉,6,3歳未勝利,12:50発走 / 芝1200m (右 A) / 天候:晴 / 馬場:良,16,�����眼�＜��,4.7,21.3,2026-07-11 15:03:54+09:00,result
2026-07-11,小倉,6,3歳未勝利,12:50発走 / 芝1200m (右 A) / 天候:晴 / 馬場:良,17,�����ャ�������＜�������ｃ��,1.9,52.6,2026-07-11 15:03:54+09:00,result
2026-07-11,小倉,6,3歳未勝利,12:50発走 / 芝1200m (右 A) / 天候:晴 / 馬場:良,18,�����若�鴻����泣�ゃ����＜��,15.0,6.7,2026-07-11 15:03:54+09:00,result
2026-07-11,小倉,7,3歳以上1勝クラス,13:20発走 / 芝1800m (右 A) / 天候:晴 / 馬場:良,1,��������≪�����������,58.2,1.7,2026-07-11 15:03:56+09:00,result
2026-07-11,小倉,7,3歳以上1勝クラス,13:20発走 / 芝1800m (右 A) / 天候:晴 / 馬場:良,2,��������鴻����������激��,153.9,0.6,2026-07-11 15:03:56+09:00,result
2026-07-11,小倉,7,3歳以上1勝クラス,13:20発走 / 芝1800m (右 A) / 天候:晴 / 馬場:良,3,�����������������吟����ゃ��,107.0,0.9,2026-07-11 15:03:56+09:00,result
2026-07-11,小倉,7,3歳以上1勝クラス,13:20発走 / 芝1800m (右 A) / 天候:晴 / 馬場:良,4,��������������純��,2.1,47.6,2026-07-11 15:03:56+09:00,result
2026-07-11,小倉,7,3歳以上1勝クラス,13:20発走 / 芝1800m (右 A) / 天候:晴 / 馬場:良,5,�����ゃ�激�潟����若�潟��,7.6,13.2,2026-07-11 15:03:56+09:00,result
2026-07-11,小倉,7,3歳以上1勝クラス,13:20発走 / 芝1800m (右 A) / 天候:晴 / 馬場:良,6,��������潟����ャ����若�激��,4.0,25.0,2026-07-11 15:03:56+09:00,result
2026-07-11,小倉,7,3歳以上1勝クラス,13:20発走 / 芝1800m (右 A) / 天候:晴 / 馬場:良,7,�����≪�吾�ｃ�������吾�若��,76.0,1.3,2026-07-11 15:03:56+09:00,result
2026-07-11,小倉,7,3歳以上1勝クラス,13:20発走 / 芝1800m (右 A) / 天候:晴 / 馬場:良,8,�����若����泣�若����ｃ�若��,8.3,12.0,2026-07-11 15:03:56+09:00,result
2026-07-11,小倉,7,3歳以上1勝クラス,13:20発走 / 芝1800m (右 A) / 天候:晴 / 馬場:良,9,��＜�ゃ�激�с����≪��������,16.0,6.2,2026-07-11 15:03:56+09:00,result
2026-07-11,小倉,7,3歳以上1勝クラス,13:20発走 / 芝1800m (右 A) / 天候:晴 / 馬場:良,10,�����ゃ�潟��������,8.3,12.0,2026-07-11 15:03:56+09:00,result
2026-07-11,小倉,7,3歳以上1勝クラス,13:20発走 / 芝1800m (右 A) / 天候:晴 / 馬場:良,11,��泣�潟��������������,21.3,4.7,2026-07-11 15:03:56+09:00,result
2026-07-11,小倉,7,3歳以上1勝クラス,13:20発走 / 芝1800m (右 A) / 天候:晴 / 馬場:良,12,��若����������ゃ��,292.6,0.3,2026-07-11 15:03:56+09:00,result
2026-07-11,小倉,8,3歳以上1勝クラス,13:50発走 / ダ1700m (右) / 天候:晴 / 馬場:良,1,��������激����ｃ�≪�若��,17.0,5.9,2026-07-11 15:03:58+09:00,result
2026-07-11,小倉,8,3歳以上1勝クラス,13:50発走 / ダ1700m (右) / 天候:晴 / 馬場:良,2,�����с�������潟�吾�с�潟��,185.4,0.5,2026-07-11 15:03:58+09:00,result
2026-07-11,小倉,8,3歳以上1勝クラス,13:50発走 / ダ1700m (右) / 天候:晴 / 馬場:良,3,��吾�с�≪��,3.0,33.3,2026-07-11 15:03:58+09:00,result
2026-07-11,小倉,8,3歳以上1勝クラス,13:50発走 / ダ1700m (右) / 天候:晴 / 馬場:良,4,�����ゃ�������吾�����,5.1,19.6,2026-07-11 15:03:58+09:00,result
2026-07-11,小倉,8,3歳以上1勝クラス,13:50発走 / ダ1700m (右) / 天候:晴 / 馬場:良,5,�����ゃ�潟�若�潟�������若��,6.3,15.9,2026-07-11 15:03:58+09:00,result
2026-07-11,小倉,8,3歳以上1勝クラス,13:50発走 / ダ1700m (右) / 天候:晴 / 馬場:良,6,�����若�宴�若����潟�吾�с��,134.4,0.7,2026-07-11 15:03:58+09:00,result
2026-07-11,小倉,8,3歳以上1勝クラス,13:50発走 / ダ1700m (右) / 天候:晴 / 馬場:良,7,�����違�������若��,61.4,1.6,2026-07-11 15:03:58+09:00,result
2026-07-11,小倉,8,3歳以上1勝クラス,13:50発走 / ダ1700m (右) / 天候:晴 / 馬場:良,8,��≪�潟����若����ゃ�����,7.3,13.7,2026-07-11 15:03:58+09:00,result
2026-07-11,小倉,8,3歳以上1勝クラス,13:50発走 / ダ1700m (右) / 天候:晴 / 馬場:良,9,��������＜�泣�ゃ��,18.3,5.5,2026-07-11 15:03:58+09:00,result
2026-07-11,小倉,8,3歳以上1勝クラス,13:50発走 / ダ1700m (右) / 天候:晴 / 馬場:良,10,�����眼��,7.9,12.7,2026-07-11 15:03:58+09:00,result
2026-07-11,小倉,8,3歳以上1勝クラス,13:50発走 / ダ1700m (右) / 天候:晴 / 馬場:良,11,��激����若�����������,6.1,16.4,2026-07-11 15:03:58+09:00,result
2026-07-11,小倉,9,英彦山特別,14:20発走 / 芝2600m (右 A) / 天候:晴 / 馬場:良,1,��������潟�≪�潟����ャ�����,60.6,1.7,2026-07-11 15:04:01+09:00,result
2026-07-11,小倉,9,英彦山特別,14:20発走 / 芝2600m (右 A) / 天候:晴 / 馬場:良,2,��眼�с�鴻��������,214.0,0.5,2026-07-11 15:04:01+09:00,result
2026-07-11,小倉,9,英彦山特別,14:20発走 / 芝2600m (右 A) / 天候:晴 / 馬場:良,3,�����ゃ�潟����ャ�����,4.3,23.3,2026-07-11 15:04:01+09:00,result
2026-07-11,小倉,9,英彦山特別,14:20発走 / 芝2600m (右 A) / 天候:晴 / 馬場:良,4,��������潟����������鴻�帥��,18.1,5.5,2026-07-11 15:04:01+09:00,result
2026-07-11,小倉,9,英彦山特別,14:20発走 / 芝2600m (右 A) / 天候:晴 / 馬場:良,5,������������,11.8,8.5,2026-07-11 15:04:01+09:00,result
2026-07-11,小倉,9,英彦山特別,14:20発走 / 芝2600m (右 A) / 天候:晴 / 馬場:良,6,��吾�ャ�潟����ゃ�����,24.2,4.1,2026-07-11 15:04:01+09:00,result
2026-07-11,小倉,9,英彦山特別,14:20発走 / 芝2600m (右 A) / 天候:晴 / 馬場:良,7,��������若�����,28.8,3.5,2026-07-11 15:04:01+09:00,result
2026-07-11,小倉,9,英彦山特別,14:20発走 / 芝2600m (右 A) / 天候:晴 / 馬場:良,8,�����������帥����潟����ゃ��,49.1,2.0,2026-07-11 15:04:01+09:00,result
2026-07-11,小倉,9,英彦山特別,14:20発走 / 芝2600m (右 A) / 天候:晴 / 馬場:良,9,��������潟��������,3.0,33.3,2026-07-11 15:04:01+09:00,result
2026-07-11,小倉,9,英彦山特別,14:20発走 / 芝2600m (右 A) / 天候:晴 / 馬場:良,10,�����������眼�＜����≪�若��,9.4,10.6,2026-07-11 15:04:01+09:00,result
2026-07-11,小倉,9,英彦山特別,14:20発走 / 芝2600m (右 A) / 天候:晴 / 馬場:良,11,��帥�������≪�������ャ�若��,3.0,33.3,2026-07-11 15:04:01+09:00,result
2026-07-11,小倉,10,耶馬渓特別,14:55発走 / 芝1200m (右 A) / 天候:晴 / 馬場:良,1,��������������潟�����,29.1,3.4,2026-07-11 15:04:03+09:00,result
2026-07-11,小倉,10,耶馬渓特別,14:55発走 / 芝1200m (右 A) / 天候:晴 / 馬場:良,2,�����＜�激�����,15.1,6.6,2026-07-11 15:04:03+09:00,result
2026-07-11,小倉,10,耶馬渓特別,14:55発走 / 芝1200m (右 A) / 天候:晴 / 馬場:良,3,������������������,217.6,0.5,2026-07-11 15:04:03+09:00,result
2026-07-11,小倉,10,耶馬渓特別,14:55発走 / 芝1200m (右 A) / 天候:晴 / 馬場:良,4,��������潟�����������������,32.1,3.1,2026-07-11 15:04:03+09:00,result
2026-07-11,小倉,10,耶馬渓特別,14:55発走 / 芝1200m (右 A) / 天候:晴 / 馬場:良,5,��＜����若��,12.8,7.8,2026-07-11 15:04:03+09:00,result
2026-07-11,小倉,10,耶馬渓特別,14:55発走 / 芝1200m (右 A) / 天候:晴 / 馬場:良,6,�����若����若����������泣��,7.8,12.8,2026-07-11 15:04:03+09:00,result
2026-07-11,小倉,10,耶馬渓特別,14:55発走 / 芝1200m (右 A) / 天候:晴 / 馬場:良,7,�����若�吾�ャ�泣�������若��,32.6,3.1,2026-07-11 15:04:03+09:00,result
2026-07-11,小倉,10,耶馬渓特別,14:55発走 / 芝1200m (右 A) / 天候:晴 / 馬場:良,8,�����������ｃ�����,36.4,2.7,2026-07-11 15:04:03+09:00,result
2026-07-11,小倉,10,耶馬渓特別,14:55発走 / 芝1200m (右 A) / 天候:晴 / 馬場:良,9,��泣�潟����ゃ�冴�������若��,149.9,0.7,2026-07-11 15:04:03+09:00,result
2026-07-11,小倉,10,耶馬渓特別,14:55発走 / 芝1200m (右 A) / 天候:晴 / 馬場:良,10,�����＜�ゃ��������,43.5,2.3,2026-07-11 15:04:03+09:00,result
2026-07-11,小倉,10,耶馬渓特別,14:55発走 / 芝1200m (右 A) / 天候:晴 / 馬場:良,11,��鴻����若�������潟��,39.8,2.5,2026-07-11 15:04:03+09:00,result
2026-07-11,小倉,10,耶馬渓特別,14:55発走 / 芝1200m (右 A) / 天候:晴 / 馬場:良,12,�����ゃ����≪�����������,55.8,1.8,2026-07-11 15:04:03+09:00,result
2026-07-11,小倉,10,耶馬渓特別,14:55発走 / 芝1200m (右 A) / 天候:晴 / 馬場:良,13,�����������潟����ゃ�若��,42.1,2.4,2026-07-11 15:04:03+09:00,result
2026-07-11,小倉,10,耶馬渓特別,14:55発走 / 芝1200m (右 A) / 天候:晴 / 馬場:良,14,��ゃ�潟�����������,6.5,15.4,2026-07-11 15:04:03+09:00,result
2026-07-11,小倉,10,耶馬渓特別,14:55発走 / 芝1200m (右 A) / 天候:晴 / 馬場:良,15,��激�ャ�������潟����若�眼��,28.2,3.5,2026-07-11 15:04:03+09:00,result
2026-07-11,小倉,10,耶馬渓特別,14:55発走 / 芝1200m (右 A) / 天候:晴 / 馬場:良,16,��泣����ｃ�若��,4.8,20.8,2026-07-11 15:04:03+09:00,result
2026-07-11,小倉,10,耶馬渓特別,14:55発走 / 芝1200m (右 A) / 天候:晴 / 馬場:良,17,��帥����鴻�若����������若��,2.8,35.7,2026-07-11 15:04:03+09:00,result
2026-07-11,小倉,10,耶馬渓特別,14:55発走 / 芝1200m (右 A) / 天候:晴 / 馬場:良,18,�����������若��,62.6,1.6,2026-07-11 15:04:03+09:00,result
2026-07-11,小倉,11,釜山S,15:30発走 / ダ1000m (右) / 天候:晴 / 馬場:良,1,��鴻����若�泣�ゃ����潟��,19.3,5.2,2026-07-11 15:04:05+09:00,middle
2026-07-11,小倉,11,釜山S,15:30発走 / ダ1000m (右) / 天候:晴 / 馬場:良,2,�����若����若��,23.2,4.3,2026-07-11 15:04:05+09:00,middle
2026-07-11,小倉,11,釜山S,15:30発走 / ダ1000m (右) / 天候:晴 / 馬場:良,3,��ゃ����若�吾�с��,16.1,6.2,2026-07-11 15:04:05+09:00,middle
2026-07-11,小倉,11,釜山S,15:30発走 / ダ1000m (右) / 天候:晴 / 馬場:良,4,��＜�ゃ�激�с��������������,11.9,8.4,2026-07-11 15:04:05+09:00,middle
2026-07-11,小倉,11,釜山S,15:30発走 / ダ1000m (右) / 天候:晴 / 馬場:良,5,�����������ャ�若��,6.5,15.4,2026-07-11 15:04:05+09:00,middle
2026-07-11,小倉,11,釜山S,15:30発走 / ダ1000m (右) / 天候:晴 / 馬場:良,6,�����ゃ�激�ｃ�眼�＜��������,45.4,2.2,2026-07-11 15:04:05+09:00,middle
2026-07-11,小倉,11,釜山S,15:30発走 / ダ1000m (右) / 天候:晴 / 馬場:良,7,��眼�с����������若��,7.9,12.7,2026-07-11 15:04:05+09:00,middle
2026-07-11,小倉,11,釜山S,15:30発走 / ダ1000m (右) / 天候:晴 / 馬場:良,8,��≪�＜�������潟��������,3.2,31.2,2026-07-11 15:04:05+09:00,middle
2026-07-11,小倉,11,釜山S,15:30発走 / ダ1000m (右) / 天候:晴 / 馬場:良,9,�����������純��,29.5,3.4,2026-07-11 15:04:05+09:00,middle
2026-07-11,小倉,11,釜山S,15:30発走 / ダ1000m (右) / 天候:晴 / 馬場:良,10,��吾�ｃ�若�眼�ｃ��,29.4,3.4,2026-07-11 15:04:05+09:00,middle
2026-07-11,小倉,11,釜山S,15:30発走 / ダ1000m (右) / 天候:晴 / 馬場:良,11,�����ゃ��������������,3.0,33.3,2026-07-11 15:04:05+09:00,middle
2026-07-11,小倉,12,3歳以上1勝クラス,16:15発走 / 芝1200m (右 A) / 天候:晴 / 馬場:良,1,��帥�ゃ����若����若��,18.4,5.4,2026-07-11 15:04:07+09:00,middle
2026-07-11,小倉,12,3歳以上1勝クラス,16:15発走 / 芝1200m (右 A) / 天候:晴 / 馬場:良,2,�����ゃ�≪�������ゃ�若��,10.3,9.7,2026-07-11 15:04:07+09:00,middle
2026-07-11,小倉,12,3歳以上1勝クラス,16:15発走 / 芝1200m (右 A) / 天候:晴 / 馬場:良,3,�����������с����ｃ����若��,45.9,2.2,2026-07-11 15:04:07+09:00,middle
2026-07-11,小倉,12,3歳以上1勝クラス,16:15発走 / 芝1200m (右 A) / 天候:晴 / 馬場:良,4,��吾�ｃ�潟�������若��,12.1,8.3,2026-07-11 15:04:07+09:00,middle
2026-07-11,小倉,12,3歳以上1勝クラス,16:15発走 / 芝1200m (右 A) / 天候:晴 / 馬場:良,5,���������������,13.5,7.4,2026-07-11 15:04:07+09:00,middle
2026-07-11,小倉,12,3歳以上1勝クラス,16:15発走 / 芝1200m (右 A) / 天候:晴 / 馬場:良,6,�����若�潟����������≪�ゃ��,3.1,32.3,2026-07-11 15:04:07+09:00,middle
2026-07-11,小倉,12,3歳以上1勝クラス,16:15発走 / 芝1200m (右 A) / 天候:晴 / 馬場:良,7,�����ゃ�潟����潟�����,17.6,5.7,2026-07-11 15:04:07+09:00,middle
2026-07-11,小倉,12,3歳以上1勝クラス,16:15発走 / 芝1200m (右 A) / 天候:晴 / 馬場:良,8,������������������,7.0,14.3,2026-07-11 15:04:07+09:00,middle
2026-07-11,小倉,12,3歳以上1勝クラス,16:15発走 / 芝1200m (右 A) / 天候:晴 / 馬場:良,9,��＜�ゃ�激�с��������������,88.1,1.1,2026-07-11 15:04:07+09:00,middle
2026-07-11,小倉,12,3歳以上1勝クラス,16:15発走 / 芝1200m (右 A) / 天候:晴 / 馬場:良,10,��激�眼�＜�若�������若��,130.3,0.8,2026-07-11 15:04:07+09:00,middle
2026-07-11,小倉,12,3歳以上1勝クラス,16:15発走 / 芝1200m (右 A) / 天候:晴 / 馬場:良,11,��������潟��������,12.1,8.3,2026-07-11 15:04:07+09:00,middle
2026-07-11,小倉,12,3歳以上1勝クラス,16:15発走 / 芝1200m (右 A) / 天候:晴 / 馬場:良,12,��≪�鴻����吟�≪�＜��������,30.0,3.3,2026-07-11 15:04:07+09:00,middle
2026-07-11,小倉,12,3歳以上1勝クラス,16:15発走 / 芝1200m (右 A) / 天候:晴 / 馬場:良,13,�����若����若�����������,81.4,1.2,2026-07-11 15:04:07+09:00,middle
2026-07-11,小倉,12,3歳以上1勝クラス,16:15発走 / 芝1200m (右 A) / 天候:晴 / 馬場:良,14,�����若�激�若�����,5.0,20.0,2026-07-11 15:04:07+09:00,middle
2026-07-11,小倉,12,3歳以上1勝クラス,16:15発走 / 芝1200m (右 A) / 天候:晴 / 馬場:良,15,��������������������ゃ�����,151.2,0.7,2026-07-11 15:04:07+09:00,middle
2026-07-11,小倉,12,3歳以上1勝クラス,16:15発走 / 芝1200m (右 A) / 天候:晴 / 馬場:良,16,��祉����激�若����若�吾��,19.9,5.0,2026-07-11 15:04:07+09:00,middle
2026-07-11,函館,1,2歳未勝利,09:50発走 / ダ1000m (右) / 天候:小雨 / 馬場:稍,1,�����������������純�若��,2.7,37.0,2026-07-11 15:04:31+09:00,result
2026-07-11,函館,1,2歳未勝利,09:50発走 / ダ1000m (右) / 天候:小雨 / 馬場:稍,2,��帥�ゃ����若�鴻�������若��,42.2,2.4,2026-07-11 15:04:31+09:00,result
2026-07-11,函館,1,2歳未勝利,09:50発走 / ダ1000m (右) / 天候:小雨 / 馬場:稍,3,�����鴻����≪�若�＜�潟��,33.2,3.0,2026-07-11 15:04:31+09:00,result
2026-07-11,函館,1,2歳未勝利,09:50発走 / ダ1000m (右) / 天候:小雨 / 馬場:稍,5,�����������鴻�若��,1.9,52.6,2026-07-11 15:04:31+09:00,result
2026-07-11,函館,1,2歳未勝利,09:50発走 / ダ1000m (右) / 天候:小雨 / 馬場:稍,6,��祉�ゃ����潟�潟��������,98.3,1.0,2026-07-11 15:04:31+09:00,result
2026-07-11,函館,1,2歳未勝利,09:50発走 / ダ1000m (右) / 天候:小雨 / 馬場:稍,7,�����＜��������,7.9,12.7,2026-07-11 15:04:31+09:00,result
2026-07-11,函館,1,2歳未勝利,09:50発走 / ダ1000m (右) / 天候:小雨 / 馬場:稍,8,�����ゃ����若�������吟��,19.8,5.1,2026-07-11 15:04:31+09:00,result
2026-07-11,函館,1,2歳未勝利,09:50発走 / ダ1000m (右) / 天候:小雨 / 馬場:稍,9,�����若����ゃ�鴻����若��,108.7,0.9,2026-07-11 15:04:31+09:00,result
2026-07-11,函館,1,2歳未勝利,09:50発走 / ダ1000m (右) / 天候:小雨 / 馬場:稍,10,�����ゃ�������ｃ�潟�吟��,9.7,10.3,2026-07-11 15:04:31+09:00,result
2026-07-11,函館,1,2歳未勝利,09:50発走 / ダ1000m (右) / 天候:小雨 / 馬場:稍,11,��������激�潟�眼�若�����,99.9,1.0,2026-07-11 15:04:31+09:00,result
2026-07-11,函館,2,3歳未勝利,10:20発走 / ダ1700m (右) / 天候:雨 / 馬場:重,1,��激�����,39.4,2.5,2026-07-11 15:04:33+09:00,result
2026-07-11,函館,2,3歳未勝利,10:20発走 / ダ1700m (右) / 天候:雨 / 馬場:重,2,�����潟����若�≪�鴻��,8.5,11.8,2026-07-11 15:04:33+09:00,result
2026-07-11,函館,2,3歳未勝利,10:20発走 / ダ1700m (右) / 天候:雨 / 馬場:重,3,��帥�������激�������ｃ��,4.9,20.4,2026-07-11 15:04:33+09:00,result
2026-07-11,函館,2,3歳未勝利,10:20発走 / ダ1700m (右) / 天候:雨 / 馬場:重,4,��������潟�������������泣��,9.7,10.3,2026-07-11 15:04:33+09:00,result
2026-07-11,函館,2,3歳未勝利,10:20発走 / ダ1700m (右) / 天候:雨 / 馬場:重,5,��潟�ゃ�����,49.2,2.0,2026-07-11 15:04:33+09:00,result
2026-07-11,函館,2,3歳未勝利,10:20発走 / ダ1700m (右) / 天候:雨 / 馬場:重,6,�����若�眼�������������ャ��,13.8,7.2,2026-07-11 15:04:33+09:00,result
2026-07-11,函館,2,3歳未勝利,10:20発走 / ダ1700m (右) / 天候:雨 / 馬場:重,7,��泣����泣����ｃ����ｃ�����,6.0,16.7,2026-07-11 15:04:33+09:00,result
2026-07-11,函館,2,3歳未勝利,10:20発走 / ダ1700m (右) / 天候:雨 / 馬場:重,8,��＜����������眼�ｃ��,11.5,8.7,2026-07-11 15:04:33+09:00,result
2026-07-11,函館,2,3歳未勝利,10:20発走 / ダ1700m (右) / 天候:雨 / 馬場:重,9,��������������������若��,138.8,0.7,2026-07-11 15:04:33+09:00,result
2026-07-11,函館,2,3歳未勝利,10:20発走 / ダ1700m (右) / 天候:雨 / 馬場:重,10,��吾�若����ｃ�若��������,4.6,21.7,2026-07-11 15:04:33+09:00,result
2026-07-11,函館,2,3歳未勝利,10:20発走 / ダ1700m (右) / 天候:雨 / 馬場:重,11,��������若�帥�若�鴻��������,5.4,18.5,2026-07-11 15:04:33+09:00,result
2026-07-11,函館,2,3歳未勝利,10:20発走 / ダ1700m (右) / 天候:雨 / 馬場:重,12,�����������鴻����������ｃ��,21.5,4.7,2026-07-11 15:04:33+09:00,result
2026-07-11,函館,2,3歳未勝利,10:20発走 / ダ1700m (右) / 天候:雨 / 馬場:重,13,��泣����若�鴻����������激��,224.3,0.4,2026-07-11 15:04:33+09:00,result
2026-07-11,函館,2,3歳未勝利,10:20発走 / ダ1700m (右) / 天候:雨 / 馬場:重,14,�����������≪����若��,231.1,0.4,2026-07-11 15:04:33+09:00,result
2026-07-11,函館,3,3歳未勝利,10:50発走 / 芝1200m (右 B) / 天候:曇 / 馬場:稍,1,�����潟�����,6.7,14.9,2026-07-11 15:04:35+09:00,result
2026-07-11,函館,3,3歳未勝利,10:50発走 / 芝1200m (右 B) / 天候:曇 / 馬場:稍,2,�����������若����若�眼�＜��,9.6,10.4,2026-07-11 15:04:35+09:00,result
2026-07-11,函館,3,3歳未勝利,10:50発走 / 芝1200m (右 B) / 天候:曇 / 馬場:稍,3,��鴻����������������ゃ��,21.8,4.6,2026-07-11 15:04:35+09:00,result
2026-07-11,函館,3,3歳未勝利,10:50発走 / 芝1200m (右 B) / 天候:曇 / 馬場:稍,4,�����潟����潟�������ゃ��,33.5,3.0,2026-07-11 15:04:35+09:00,result
2026-07-11,函館,3,3歳未勝利,10:50発走 / 芝1200m (右 B) / 天候:曇 / 馬場:稍,5,��鴻����若����若��������,20.0,5.0,2026-07-11 15:04:35+09:00,result
2026-07-11,函館,3,3歳未勝利,10:50発走 / 芝1200m (右 B) / 天候:曇 / 馬場:稍,6,��≪����泣�����,2.9,34.5,2026-07-11 15:04:35+09:00,result
2026-07-11,函館,3,3歳未勝利,10:50発走 / 芝1200m (右 B) / 天候:曇 / 馬場:稍,7,�����ゃ�������ゃ����若��,25.3,4.0,2026-07-11 15:04:35+09:00,result
2026-07-11,函館,3,3歳未勝利,10:50発走 / 芝1200m (右 B) / 天候:曇 / 馬場:稍,8,��≪�蚊�潟�鴻�����������,9.4,10.6,2026-07-11 15:04:35+09:00,result
2026-07-11,函館,3,3歳未勝利,10:50発走 / 芝1200m (右 B) / 天候:曇 / 馬場:稍,9,��������潟����������若��,17.5,5.7,2026-07-11 15:04:35+09:00,result
2026-07-11,函館,3,3歳未勝利,10:50発走 / 芝1200m (右 B) / 天候:曇 / 馬場:稍,10,��������������眼�若�����,4.7,21.3,2026-07-11 15:04:35+09:00,result
2026-07-11,函館,3,3歳未勝利,10:50発走 / 芝1200m (右 B) / 天候:曇 / 馬場:稍,11,�����������ゃ��,183.1,0.5,2026-07-11 15:04:35+09:00,result
2026-07-11,函館,3,3歳未勝利,10:50発走 / 芝1200m (右 B) / 天候:曇 / 馬場:稍,12,�����ャ�潟����ャ�潟����ャ��,184.9,0.5,2026-07-11 15:04:35+09:00,result
2026-07-11,函館,3,3歳未勝利,10:50発走 / 芝1200m (右 B) / 天候:曇 / 馬場:稍,13,��������若����若��,189.2,0.5,2026-07-11 15:04:35+09:00,result
2026-07-11,函館,3,3歳未勝利,10:50発走 / 芝1200m (右 B) / 天候:曇 / 馬場:稍,14,�����ゃ�潟��������������,148.9,0.7,2026-07-11 15:04:35+09:00,result
2026-07-11,函館,3,3歳未勝利,10:50発走 / 芝1200m (右 B) / 天候:曇 / 馬場:稍,15,�����若�吾�ャ�������若��,11.6,8.6,2026-07-11 15:04:35+09:00,result
2026-07-11,函館,3,3歳未勝利,10:50発走 / 芝1200m (右 B) / 天候:曇 / 馬場:稍,16,�����������������若����ゃ��,55.6,1.8,2026-07-11 15:04:35+09:00,result
2026-07-11,函館,4,3歳未勝利,11:20発走 / 芝1800m (右 B) / 天候:曇 / 馬場:稍,1,�����������潟�違����若�����,24.6,4.1,2026-07-11 15:04:37+09:00,result
2026-07-11,函館,4,3歳未勝利,11:20発走 / 芝1800m (右 B) / 天候:曇 / 馬場:稍,2,��ゃ�潟����ｃ�������若��,8.1,12.3,2026-07-11 15:04:37+09:00,result
2026-07-11,函館,4,3歳未勝利,11:20発走 / 芝1800m (右 B) / 天候:曇 / 馬場:稍,3,��������祉�潟��������,11.7,8.5,2026-07-11 15:04:37+09:00,result
2026-07-11,函館,4,3歳未勝利,11:20発走 / 芝1800m (右 B) / 天候:曇 / 馬場:稍,4,�����違�吾�鴻�帥�潟��,5.8,17.2,2026-07-11 15:04:37+09:00,result
2026-07-11,函館,4,3歳未勝利,11:20発走 / 芝1800m (右 B) / 天候:曇 / 馬場:稍,5,��宴�����,9.5,10.5,2026-07-11 15:04:37+09:00,result
2026-07-11,函館,4,3歳未勝利,11:20発走 / 芝1800m (右 B) / 天候:曇 / 馬場:稍,6,�����������激����潟�����,331.3,0.3,2026-07-11 15:04:37+09:00,result
2026-07-11,函館,4,3歳未勝利,11:20発走 / 芝1800m (右 B) / 天候:曇 / 馬場:稍,7,��≪�鴻�潟����������潟��,80.6,1.2,2026-07-11 15:04:37+09:00,result
2026-07-11,函館,4,3歳未勝利,11:20発走 / 芝1800m (右 B) / 天候:曇 / 馬場:稍,8,��＜�＜�����,44.7,2.2,2026-07-11 15:04:37+09:00,result
2026-07-11,函館,4,3歳未勝利,11:20発走 / 芝1800m (右 B) / 天候:曇 / 馬場:稍,9,��激�≪����祉����с����泣��,597.8,0.2,2026-07-11 15:04:37+09:00,result
2026-07-11,函館,4,3歳未勝利,11:20発走 / 芝1800m (右 B) / 天候:曇 / 馬場:稍,10,��≪�若��������������������,8.5,11.8,2026-07-11 15:04:37+09:00,result
2026-07-11,函館,4,3歳未勝利,11:20発走 / 芝1800m (右 B) / 天候:曇 / 馬場:稍,11,��潟�鴻�≪�������激�����,22.0,4.5,2026-07-11 15:04:37+09:00,result
2026-07-11,函館,4,3歳未勝利,11:20発走 / 芝1800m (右 B) / 天候:曇 / 馬場:稍,12,�����潟�泣����若�吾��,4.4,22.7,2026-07-11 15:04:37+09:00,result
2026-07-11,函館,4,3歳未勝利,11:20発走 / 芝1800m (右 B) / 天候:曇 / 馬場:稍,13,��祉�ゃ�潟�������若��,43.9,2.3,2026-07-11 15:04:37+09:00,result
2026-07-11,函館,4,3歳未勝利,11:20発走 / 芝1800m (右 B) / 天候:曇 / 馬場:稍,14,�����ゃ�潟�≪�������若��,3.5,28.6,2026-07-11 15:04:37+09:00,result
2026-07-11,函館,5,2歳新馬,12:10発走 / 芝1200m (右 B) / 天候:曇 / 馬場:稍,1,�����障����若�������若��,37.1,2.7,2026-07-11 15:04:39+09:00,result
2026-07-11,函館,5,2歳新馬,12:10発走 / 芝1200m (右 B) / 天候:曇 / 馬場:稍,2,��吾�若����ｃ�若�������潟��,24.4,4.1,2026-07-11 15:04:39+09:00,result
2026-07-11,函館,5,2歳新馬,12:10発走 / 芝1200m (右 B) / 天候:曇 / 馬場:稍,3,�����若�若�潟�������若��,10.8,9.3,2026-07-11 15:04:39+09:00,result
2026-07-11,函館,5,2歳新馬,12:10発走 / 芝1200m (右 B) / 天候:曇 / 馬場:稍,4,��激��������,170.0,0.6,2026-07-11 15:04:39+09:00,result
2026-07-11,函館,5,2歳新馬,12:10発走 / 芝1200m (右 B) / 天候:曇 / 馬場:稍,5,��ゃ����鴻��������,24.1,4.1,2026-07-11 15:04:39+09:00,result
2026-07-11,函館,5,2歳新馬,12:10発走 / 芝1200m (右 B) / 天候:曇 / 馬場:稍,6,��泣��������������,40.7,2.5,2026-07-11 15:04:39+09:00,result
2026-07-11,函館,5,2歳新馬,12:10発走 / 芝1200m (右 B) / 天候:曇 / 馬場:稍,7,��≪�若�������ゃ��,19.4,5.2,2026-07-11 15:04:39+09:00,result
2026-07-11,函館,5,2歳新馬,12:10発走 / 芝1200m (右 B) / 天候:曇 / 馬場:稍,8,��������ゃ�潟��,1.3,76.9,2026-07-11 15:04:39+09:00,result
2026-07-11,函館,5,2歳新馬,12:10発走 / 芝1200m (右 B) / 天候:曇 / 馬場:稍,9,��激�潟�若�潟�����,24.9,4.0,2026-07-11 15:04:39+09:00,result
2026-07-11,函館,5,2歳新馬,12:10発走 / 芝1200m (右 B) / 天候:曇 / 馬場:稍,10,�����吾�с�潟����眼�＜�若��,187.2,0.5,2026-07-11 15:04:39+09:00,result
2026-07-11,函館,5,2歳新馬,12:10発走 / 芝1200m (右 B) / 天候:曇 / 馬場:稍,11,�����ゃ����ゃ�冴�≪�若��,5.2,19.2,2026-07-11 15:04:39+09:00,result
2026-07-11,函館,6,3歳未勝利,12:40発走 / ダ1700m (右) / 天候:曇 / 馬場:重,1,�����鴻����眼�������≪�潟��,47.4,2.1,2026-07-11 15:04:41+09:00,result
2026-07-11,函館,6,3歳未勝利,12:40発走 / ダ1700m (右) / 天候:曇 / 馬場:重,2,��泣����祉�鴻��������,32.0,3.1,2026-07-11 15:04:41+09:00,result
2026-07-11,函館,6,3歳未勝利,12:40発走 / ダ1700m (右) / 天候:曇 / 馬場:重,3,��激�潟����潟����若�����,8.7,11.5,2026-07-11 15:04:41+09:00,result
2026-07-11,函館,6,3歳未勝利,12:40発走 / ダ1700m (右) / 天候:曇 / 馬場:重,4,��ゃ����＜�ゃ�����,5.6,17.9,2026-07-11 15:04:41+09:00,result
2026-07-11,函館,6,3歳未勝利,12:40発走 / ダ1700m (右) / 天候:曇 / 馬場:重,6,�����ゃ����≪����＜�ゃ��,11.2,8.9,2026-07-11 15:04:41+09:00,result
2026-07-11,函館,6,3歳未勝利,12:40発走 / ダ1700m (右) / 天候:曇 / 馬場:重,7,��≪�������������ゃ��,4.0,25.0,2026-07-11 15:04:41+09:00,result
2026-07-11,函館,6,3歳未勝利,12:40発走 / ダ1700m (右) / 天候:曇 / 馬場:重,8,��������ゃ��������,116.6,0.9,2026-07-11 15:04:41+09:00,result
2026-07-11,函館,6,3歳未勝利,12:40発走 / ダ1700m (右) / 天候:曇 / 馬場:重,9,��������潟�����,2.0,50.0,2026-07-11 15:04:41+09:00,result
2026-07-11,函館,6,3歳未勝利,12:40発走 / ダ1700m (右) / 天候:曇 / 馬場:重,10,��蚊����ゃ��,21.4,4.7,2026-07-11 15:04:41+09:00,result
2026-07-11,函館,6,3歳未勝利,12:40発走 / ダ1700m (右) / 天候:曇 / 馬場:重,11,�����眼�ｃ��������,43.5,2.3,2026-07-11 15:04:41+09:00,result
2026-07-11,函館,7,3歳以上1勝クラス,13:10発走 / 芝1800m (右 B) / 天候:曇 / 馬場:稍,1,���������������������,20.6,4.9,2026-07-11 15:04:43+09:00,result
2026-07-11,函館,7,3歳以上1勝クラス,13:10発走 / 芝1800m (右 B) / 天候:曇 / 馬場:稍,2,��������若�冴�������若��,97.7,1.0,2026-07-11 15:04:43+09:00,result
2026-07-11,函館,7,3歳以上1勝クラス,13:10発走 / 芝1800m (右 B) / 天候:曇 / 馬場:稍,3,��潟�鴻�≪��������,62.2,1.6,2026-07-11 15:04:43+09:00,result
2026-07-11,函館,7,3歳以上1勝クラス,13:10発走 / 芝1800m (右 B) / 天候:曇 / 馬場:稍,4,�����ゃ�鴻�������若�≪�鴻��,5.8,17.2,2026-07-11 15:04:43+09:00,result
2026-07-11,函館,7,3歳以上1勝クラス,13:10発走 / 芝1800m (右 B) / 天候:曇 / 馬場:稍,5,��帥�若�潟�吟����若��������,2.5,40.0,2026-07-11 15:04:43+09:00,result
2026-07-11,函館,7,3歳以上1勝クラス,13:10発走 / 芝1800m (右 B) / 天候:曇 / 馬場:稍,6,��≪�ゃ����������若��,7.7,13.0,2026-07-11 15:04:43+09:00,result
2026-07-11,函館,7,3歳以上1勝クラス,13:10発走 / 芝1800m (右 B) / 天候:曇 / 馬場:稍,7,��帥�ゃ�������鴻�����,6.7,14.9,2026-07-11 15:04:43+09:00,result
2026-07-11,函館,7,3歳以上1勝クラス,13:10発走 / 芝1800m (右 B) / 天候:曇 / 馬場:稍,8,�����激�������ャ�����,32.0,3.1,2026-07-11 15:04:43+09:00,result
2026-07-11,函館,7,3歳以上1勝クラス,13:10発走 / 芝1800m (右 B) / 天候:曇 / 馬場:稍,9,�����祉����������潟�吾�с��,164.2,0.6,2026-07-11 15:04:43+09:00,result
2026-07-11,函館,7,3歳以上1勝クラス,13:10発走 / 芝1800m (右 B) / 天候:曇 / 馬場:稍,10,�����若�吾�ャ��������,219.8,0.5,2026-07-11 15:04:43+09:00,result
2026-07-11,函館,7,3歳以上1勝クラス,13:10発走 / 芝1800m (右 B) / 天候:曇 / 馬場:稍,11,��������激����潟��������,326.7,0.3,2026-07-11 15:04:43+09:00,result
2026-07-11,函館,7,3歳以上1勝クラス,13:10発走 / 芝1800m (右 B) / 天候:曇 / 馬場:稍,12,�����������若�������潟��,4.4,22.7,2026-07-11 15:04:43+09:00,result
2026-07-11,函館,7,3歳以上1勝クラス,13:10発走 / 芝1800m (右 B) / 天候:曇 / 馬場:稍,13,�����若�吾�ャ�鴻����ｃ�若��,66.3,1.5,2026-07-11 15:04:43+09:00,result
2026-07-11,函館,7,3歳以上1勝クラス,13:10発走 / 芝1800m (右 B) / 天候:曇 / 馬場:稍,14,�����≪�泣����������ｃ��,19.4,5.2,2026-07-11 15:04:43+09:00,result
2026-07-11,函館,8,3歳以上1勝クラス,13:40発走 / ダ1700m (右) / 天候:曇 / 馬場:重,1,�����ゃ�������潟�����,4.4,22.7,2026-07-11 15:04:45+09:00,result
2026-07-11,函館,8,3歳以上1勝クラス,13:40発走 / ダ1700m (右) / 天候:曇 / 馬場:重,2,��������鴻�����,74.5,1.3,2026-07-11 15:04:45+09:00,result
2026-07-11,函館,8,3歳以上1勝クラス,13:40発走 / ダ1700m (右) / 天候:曇 / 馬場:重,3,�����潟����若�������眼��,7.8,12.8,2026-07-11 15:04:45+09:00,result
2026-07-11,函館,8,3歳以上1勝クラス,13:40発走 / ダ1700m (右) / 天候:曇 / 馬場:重,4,�����������ゃ�鴻����с�ゃ��,3.3,30.3,2026-07-11 15:04:45+09:00,result
2026-07-11,函館,8,3歳以上1勝クラス,13:40発走 / ダ1700m (右) / 天候:曇 / 馬場:重,5,��≪�����������,189.3,0.5,2026-07-11 15:04:45+09:00,result
2026-07-11,函館,8,3歳以上1勝クラス,13:40発走 / ダ1700m (右) / 天候:曇 / 馬場:重,6,������������������,18.7,5.3,2026-07-11 15:04:45+09:00,result
2026-07-11,函館,8,3歳以上1勝クラス,13:40発走 / ダ1700m (右) / 天候:曇 / 馬場:重,7,��激����������≪�鴻�潟�����,70.4,1.4,2026-07-11 15:04:45+09:00,result
2026-07-11,函館,8,3歳以上1勝クラス,13:40発走 / ダ1700m (右) / 天候:曇 / 馬場:重,8,��≪�ゃ����＜�若�激�ｃ�����,10.0,10.0,2026-07-11 15:04:45+09:00,result
2026-07-11,函館,8,3歳以上1勝クラス,13:40発走 / ダ1700m (右) / 天候:曇 / 馬場:重,9,��������潟�����������������,3.3,30.3,2026-07-11 15:04:45+09:00,result
2026-07-11,函館,8,3歳以上1勝クラス,13:40発走 / ダ1700m (右) / 天候:曇 / 馬場:重,10,�����ゃ�泣�潟�純��,25.5,3.9,2026-07-11 15:04:45+09:00,result
2026-07-11,函館,8,3歳以上1勝クラス,13:40発走 / ダ1700m (右) / 天候:曇 / 馬場:重,11,��帥�ゃ�祉�ゃ�≪��������,14.9,6.7,2026-07-11 15:04:45+09:00,result
2026-07-11,函館,8,3歳以上1勝クラス,13:40発走 / ダ1700m (右) / 天候:曇 / 馬場:重,12,�����ゃ����若��������,121.9,0.8,2026-07-11 15:04:45+09:00,result
2026-07-11,函館,9,北斗特別,14:10発走 / 芝2000m (右 B) / 天候:曇 / 馬場:稍,1,��������鴻����吾�若��,2.0,50.0,2026-07-11 15:04:47+09:00,result
2026-07-11,函館,9,北斗特別,14:10発走 / 芝2000m (右 B) / 天候:曇 / 馬場:稍,2,��若�≪�冴����若�������ゃ��,303.3,0.3,2026-07-11 15:04:47+09:00,result
2026-07-11,函館,9,北斗特別,14:10発走 / 芝2000m (右 B) / 天候:曇 / 馬場:稍,3,��������≪�����,103.4,1.0,2026-07-11 15:04:47+09:00,result
2026-07-11,函館,9,北斗特別,14:10発走 / 芝2000m (右 B) / 天候:曇 / 馬場:稍,4,��������������潟����ｃ��,18.7,5.3,2026-07-11 15:04:47+09:00,result
2026-07-11,函館,9,北斗特別,14:10発走 / 芝2000m (右 B) / 天候:曇 / 馬場:稍,5,��＜�ゃ�激�с����純��������,17.9,5.6,2026-07-11 15:04:47+09:00,result
2026-07-11,函館,9,北斗特別,14:10発走 / 芝2000m (右 B) / 天候:曇 / 馬場:稍,6,��泣�ゃ��,4.0,25.0,2026-07-11 15:04:47+09:00,result
2026-07-11,函館,9,北斗特別,14:10発走 / 芝2000m (右 B) / 天候:曇 / 馬場:稍,7,��≪��������,12.6,7.9,2026-07-11 15:04:47+09:00,result
2026-07-11,函館,9,北斗特別,14:10発走 / 芝2000m (右 B) / 天候:曇 / 馬場:稍,8,��������激�����,8.7,11.5,2026-07-11 15:04:47+09:00,result
2026-07-11,函館,9,北斗特別,14:10発走 / 芝2000m (右 B) / 天候:曇 / 馬場:稍,9,�����������若�������若��,13.7,7.3,2026-07-11 15:04:47+09:00,result
2026-07-11,函館,9,北斗特別,14:10発走 / 芝2000m (右 B) / 天候:曇 / 馬場:稍,10,�����������с����帥�若��,7.3,13.7,2026-07-11 15:04:47+09:00,result
2026-07-11,函館,10,HTB杯,14:45発走 / 芝1200m (右 B) / 天候:曇 / 馬場:稍,1,�����������ゃ��������,8.2,12.2,2026-07-11 15:04:49+09:00,result
2026-07-11,函館,10,HTB杯,14:45発走 / 芝1200m (右 B) / 天候:曇 / 馬場:稍,2,�����潟�≪�若����ゃ��,2.5,40.0,2026-07-11 15:04:49+09:00,result
2026-07-11,函館,10,HTB杯,14:45発走 / 芝1200m (右 B) / 天候:曇 / 馬場:稍,3,�����ゃ�������若�≪�����,25.2,4.0,2026-07-11 15:04:49+09:00,result
2026-07-11,函館,10,HTB杯,14:45発走 / 芝1200m (右 B) / 天候:曇 / 馬場:稍,4,�����若��������,16.2,6.2,2026-07-11 15:04:49+09:00,result
2026-07-11,函館,10,HTB杯,14:45発走 / 芝1200m (右 B) / 天候:曇 / 馬場:稍,5,��吾�若��������,47.3,2.1,2026-07-11 15:04:49+09:00,result
2026-07-11,函館,10,HTB杯,14:45発走 / 芝1200m (右 B) / 天候:曇 / 馬場:稍,6,�����若����泣�ゃ�潟�����,45.8,2.2,2026-07-11 15:04:49+09:00,result
2026-07-11,函館,10,HTB杯,14:45発走 / 芝1200m (右 B) / 天候:曇 / 馬場:稍,7,��≪�鴻����宴�潟�帥��������,3.2,31.2,2026-07-11 15:04:49+09:00,result
2026-07-11,函館,10,HTB杯,14:45発走 / 芝1200m (右 B) / 天候:曇 / 馬場:稍,8,�����������激�ャ�����,114.9,0.9,2026-07-11 15:04:49+09:00,result
2026-07-11,函館,10,HTB杯,14:45発走 / 芝1200m (右 B) / 天候:曇 / 馬場:稍,9,�����ゃ����若��,31.2,3.2,2026-07-11 15:04:49+09:00,result
2026-07-11,函館,10,HTB杯,14:45発走 / 芝1200m (右 B) / 天候:曇 / 馬場:稍,10,��������泣����≪��,50.9,2.0,2026-07-11 15:04:49+09:00,result
2026-07-11,函館,10,HTB杯,14:45発走 / 芝1200m (右 B) / 天候:曇 / 馬場:稍,11,�����鴻����ｃ�潟�違�鴻�����,16.5,6.1,2026-07-11 15:04:49+09:00,result
2026-07-11,函館,10,HTB杯,14:45発走 / 芝1200m (右 B) / 天候:曇 / 馬場:稍,12,��眼�ｃ�眼�＜�����������,6.8,14.7,2026-07-11 15:04:49+09:00,result
2026-07-11,函館,10,HTB杯,14:45発走 / 芝1200m (右 B) / 天候:曇 / 馬場:稍,13,��≪�������������若��,84.2,1.2,2026-07-11 15:04:49+09:00,result
2026-07-11,函館,10,HTB杯,14:45発走 / 芝1200m (右 B) / 天候:曇 / 馬場:稍,14,��������ｃ�鴻�違����激�≪��,138.1,0.7,2026-07-11 15:04:49+09:00,result
2026-07-11,函館,11,五稜郭S,15:20発走 / 芝1800m (右 B) / 天候:曇 / 馬場:稍,1,�����������若��,6.0,16.7,2026-07-11 15:04:51+09:00,middle
2026-07-11,函館,11,五稜郭S,15:20発走 / 芝1800m (右 B) / 天候:曇 / 馬場:稍,2,��≪�ゃ�鴻�違����若��,35.9,2.8,2026-07-11 15:04:51+09:00,middle
2026-07-11,函館,11,五稜郭S,15:20発走 / 芝1800m (右 B) / 天候:曇 / 馬場:稍,3,�����潟�������＜�ゃ�帥��,3.7,27.0,2026-07-11 15:04:51+09:00,middle
2026-07-11,函館,11,五稜郭S,15:20発走 / 芝1800m (右 B) / 天候:曇 / 馬場:稍,4,�����若�������鴻�����,70.4,1.4,2026-07-11 15:04:51+09:00,middle
2026-07-11,函館,11,五稜郭S,15:20発走 / 芝1800m (右 B) / 天候:曇 / 馬場:稍,5,�����������若�吾�ャ��������,7.7,13.0,2026-07-11 15:04:51+09:00,middle
2026-07-11,函館,11,五稜郭S,15:20発走 / 芝1800m (右 B) / 天候:曇 / 馬場:稍,6,��激�с�������潟�泣��������,21.3,4.7,2026-07-11 15:04:51+09:00,middle
2026-07-11,函館,11,五稜郭S,15:20発走 / 芝1800m (右 B) / 天候:曇 / 馬場:稍,7,��ゃ�潟����������激��,3.7,27.0,2026-07-11 15:04:51+09:00,middle
2026-07-11,函館,11,五稜郭S,15:20発走 / 芝1800m (右 B) / 天候:曇 / 馬場:稍,8,��ゃ�潟�眼����若��,5.8,17.2,2026-07-11 15:04:51+09:00,middle
2026-07-11,函館,11,五稜郭S,15:20発走 / 芝1800m (右 B) / 天候:曇 / 馬場:稍,9,�����ャ����若��,41.9,2.4,2026-07-11 15:04:51+09:00,middle
2026-07-11,函館,11,五稜郭S,15:20発走 / 芝1800m (右 B) / 天候:曇 / 馬場:稍,10,�����ゃ�潟�������＜�潟�����,14.1,7.1,2026-07-11 15:04:51+09:00,middle
2026-07-11,函館,11,五稜郭S,15:20発走 / 芝1800m (右 B) / 天候:曇 / 馬場:稍,11,��純��������������,46.9,2.1,2026-07-11 15:04:51+09:00,middle
2026-07-11,函館,11,五稜郭S,15:20発走 / 芝1800m (右 B) / 天候:曇 / 馬場:稍,12,�����ｃ�若�������ｃ����ゃ��,40.6,2.5,2026-07-11 15:04:51+09:00,middle
2026-07-11,函館,11,五稜郭S,15:20発走 / 芝1800m (右 B) / 天候:曇 / 馬場:稍,13,�����潟����吾��,56.3,1.8,2026-07-11 15:04:51+09:00,middle
2026-07-11,函館,12,3歳以上1勝クラス,16:05発走 / ダ1000m (右) / 天候:曇 / 馬場:重,1,��������������若�����,1.2,83.3,2026-07-11 15:04:53+09:00,middle
2026-07-11,函館,12,3歳以上1勝クラス,16:05発走 / ダ1000m (右) / 天候:曇 / 馬場:重,2,��鴻����若�������吾�с��,12.1,8.3,2026-07-11 15:04:53+09:00,middle
2026-07-11,函館,12,3歳以上1勝クラス,16:05発走 / ダ1000m (右) / 天候:曇 / 馬場:重,3,��帥�ゃ�祉�ゃ�������若��,18.9,5.3,2026-07-11 15:04:53+09:00,middle
2026-07-11,函館,12,3歳以上1勝クラス,16:05発走 / ダ1000m (右) / 天候:曇 / 馬場:重,4,�����ゃ�������潟����激�����,7.0,14.3,2026-07-11 15:04:53+09:00,middle
2026-07-11,函館,12,3歳以上1勝クラス,16:05発走 / ダ1000m (右) / 天候:曇 / 馬場:重,5,��＜�ゃ�激�с��������������,18.6,5.4,2026-07-11 15:04:53+09:00,middle
2026-07-11,函館,12,3歳以上1勝クラス,16:05発走 / ダ1000m (右) / 天候:曇 / 馬場:重,6,��吾�ャ��������,36.2,2.8,2026-07-11 15:04:53+09:00,middle
2026-07-11,函館,12,3歳以上1勝クラス,16:05発走 / ダ1000m (右) / 天候:曇 / 馬場:重,7,�����若����若����帥�����,17.5,5.7,2026-07-11 15:04:53+09:00,middle
2026-07-11,函館,12,3歳以上1勝クラス,16:05発走 / ダ1000m (右) / 天候:曇 / 馬場:重,8,������������,21.3,4.7,2026-07-11 15:04:53+09:00,middle
